<?xml version="1.0" encoding="utf-8"?>
<COLLADA xmlns="http://www.collada.org/2005/11/COLLADASchema" version="1.4.1">
  <asset>
    <contributor>
      <author>Mixamo</author>
      <authoring_tool>COLLADA Mixamo exporter</authoring_tool>
      <comments/>
    </contributor>
    <created>2025-11-06T15:41:58Z</created>
    <modified>2025-11-06T15:41:58Z</modified>
    <revision/>
    <title/>
    <unit meter="0.010000"/>
    <up_axis>Y_UP</up_axis>
  </asset>
  <library_animations>
    <animation id="mixamorig_Hips-anim" name="mixamorig_Hips">
      <source id="mixamorig_Hips-Matrix-animation-input">
        <float_array id="mixamorig_Hips-Matrix-animation-input-array" count="41">

0.000000 0.033333 0.066667 0.100000 0.133333 0.166667 0.200000 0.233333 0.266667 0.300000 0.333333 0.366667 0.400000 0.433333 0.466667 0.500000
0.533333 0.566667 0.600000 0.633333 0.666667 0.700000 0.733333 0.766667 0.800000 0.833333 0.866667 0.900000 0.933333 0.966667 1.000000 1.033333
1.066667 1.100000 1.133333 1.166667 1.200000 1.233333 1.266667 1.300000 1.333333</float_array>
        <technique_common>
          <accessor source="#mixamorig_Hips-Matrix-animation-input-array" count="41">
            <param name="TIME" type="float"/>
          </accessor>
        </technique_common>
      </source>
      <source id="mixamorig_Hips-Matrix-animation-output-transform">
        <float_array id="mixamorig_Hips-Matrix-animation-output-transform-array" count="656">

0.999105 -0.041339 -0.008934 0.329989 0.040474 0.995843 -0.081595 103.900223 0.012270 0.081160 0.996626 0.298391 0.000000 0.000000 0.000000 1.000000
0.999199 -0.035431 -0.018592 0.604975 0.033927 0.996547 -0.075782 104.671158 0.021212 0.075091 0.996951 -0.340840 0.000000 0.000000 0.000000 1.000000
0.999119 -0.029433 -0.029917 0.911113 0.027306 0.997232 -0.069157 105.313133 0.031869 0.068280 0.997157 -0.743377 0.000000 0.000000 0.000000 1.000000
0.998814 -0.024276 -0.042209 1.286762 0.021628 0.997835 -0.062115 105.489571 0.043626 0.061128 0.997176 -1.135160 0.000000 0.000000 0.000000 1.000000
0.998322 -0.018867 -0.054749 1.778366 0.015855 0.998364 -0.054941 105.132393 0.055696 0.053981 0.996987 -1.312837 0.000000 0.000000 0.000000 1.000000
0.997650 -0.011636 -0.067515 2.415581 0.008423 0.998827 -0.047677 104.242149 0.067990 0.046996 0.996578 -1.089848 0.000000 0.000000 0.000000 1.000000
0.996794 -0.002288 -0.079979 3.281554 -0.000970 0.999172 -0.040671 102.710442 0.080006 0.040618 0.995966 -0.330774 0.000000 0.000000 0.000000 1.000000
0.995837 0.005542 -0.090986 4.350263 -0.008683 0.999379 -0.034163 100.714653 0.090740 0.034810 0.995266 0.829278 0.000000 0.000000 0.000000 1.000000
0.994807 0.014818 -0.100698 5.574841 -0.017741 0.999445 -0.028192 98.336159 0.100224 0.029832 0.994518 2.403287 0.000000 0.000000 0.000000 1.000000
0.994054 0.019818 -0.107074 6.812356 -0.022365 0.999494 -0.022630 96.301964 0.106571 0.024890 0.993993 3.855503 0.000000 0.000000 0.000000 1.000000
0.993864 0.021932 -0.108413 7.928751 -0.024294 0.999494 -0.020515 94.983658 0.107908 0.023023 0.993894 4.959167 0.000000 0.000000 0.000000 1.000000
0.994578 0.023883 -0.101218 8.818059 -0.026513 0.999343 -0.024721 94.557281 0.100561 0.027270 0.994557 5.523064 0.000000 0.000000 0.000000 1.000000
0.996028 0.025672 -0.085265 9.395688 -0.028803 0.998947 -0.035698 94.881012 0.084259 0.038013 0.995719 5.600517 0.000000 0.000000 0.000000 1.000000
0.997588 0.024240 -0.065044 9.669621 -0.027452 0.998424 -0.048945 95.603241 0.063755 0.050612 0.996681 5.321334 0.000000 0.000000 0.000000 1.000000
0.998676 0.023955 -0.045515 9.885098 -0.026718 0.997774 -0.061101 96.774170 0.043950 0.062236 0.997093 4.979802 0.000000 0.000000 0.000000 1.000000
0.999175 0.026032 -0.031159 10.067283 -0.028217 0.997015 -0.071866 98.087662 0.029195 0.072686 0.996927 4.437552 0.000000 0.000000 0.000000 1.000000
0.999363 0.027064 -0.023272 10.192460 -0.028884 0.996230 -0.081797 99.413086 0.020971 0.082417 0.996377 3.636141 0.000000 0.000000 0.000000 1.000000
0.999411 0.027686 -0.020281 10.287105 -0.029415 0.995451 -0.090622 100.752548 0.017679 0.091165 0.995679 2.781389 0.000000 0.000000 0.000000 1.000000
0.999403 0.028130 -0.020060 10.353865 -0.029953 0.994810 -0.097245 102.128189 0.017221 0.097788 0.995058 1.975470 0.000000 0.000000 0.000000 1.000000
0.999393 0.027715 -0.021086 10.374044 -0.029762 0.994139 -0.103934 103.475266 0.018082 0.104498 0.994361 1.228556 0.000000 0.000000 0.000000 1.000000
0.999405 0.025361 -0.023391 10.330733 -0.027760 0.993686 -0.108711 104.729294 0.020486 0.109296 0.993798 0.517323 0.000000 0.000000 0.000000 1.000000
0.999448 0.021012 -0.025741 10.242581 -0.023776 0.993399 -0.112223 105.723335 0.023213 0.112773 0.993350 -0.208475 0.000000 0.000000 0.000000 1.000000
0.999536 0.014836 -0.026603 10.109242 -0.017770 0.993360 -0.113663 106.265892 0.024740 0.114083 0.993163 -0.917150 0.000000 0.000000 0.000000 1.000000
0.999666 0.006983 -0.024876 9.912850 -0.009780 0.993413 -0.114174 106.290878 0.023915 0.114379 0.993149 -1.554530 0.000000 0.000000 0.000000 1.000000
0.999769 -0.002048 -0.021387 9.608429 -0.000403 0.993483 -0.113976 105.755959 0.021481 0.113958 0.993253 -2.092124 0.000000 0.000000 0.000000 1.000000
0.999804 -0.010480 -0.016814 9.155006 0.008501 0.993471 -0.113767 104.768410 0.017896 0.113602 0.993365 -2.572242 0.000000 0.000000 0.000000 1.000000
0.999746 -0.018698 -0.012560 8.516471 0.017163 0.993463 -0.112860 103.343788 0.014588 0.112616 0.993532 -2.701555 0.000000 0.000000 0.000000 1.000000
0.999623 -0.025981 -0.008891 7.697680 0.024827 0.993431 -0.111703 101.542473 0.011735 0.111440 0.993702 -2.264267 0.000000 0.000000 0.000000 1.000000
0.999451 -0.032722 -0.005250 6.761126 0.031943 0.993378 -0.110360 99.464943 0.008826 0.110131 0.993878 -1.202688 0.000000 0.000000 0.000000 1.000000
0.999400 -0.034580 -0.001702 5.762625 0.034191 0.993495 -0.108621 97.434814 0.005447 0.108498 0.994082 0.107388 0.000000 0.000000 0.000000 1.000000
0.999392 -0.034807 0.002016 4.786983 0.034823 0.993638 -0.107101 95.711182 0.001725 0.107106 0.994246 1.532606 0.000000 0.000000 0.000000 1.000000
0.999217 -0.039222 0.005219 3.804377 0.039558 0.993219 -0.109317 94.729416 -0.000895 0.109438 0.993993 2.878150 0.000000 0.000000 0.000000 1.000000
0.998878 -0.046787 0.007381 2.856993 0.047321 0.992500 -0.112718 94.511322 -0.002052 0.112941 0.993600 3.880860 0.000000 0.000000 0.000000 1.000000
0.998408 -0.055819 0.008147 1.994049 0.056384 0.991885 -0.113950 94.918488 -0.001720 0.114228 0.993453 4.410723 0.000000 0.000000 0.000000 1.000000
0.998054 -0.061859 0.007878 1.279999 0.062352 0.991699 -0.112451 95.752235 -0.000857 0.112723 0.993626 4.423883 0.000000 0.000000 0.000000 1.000000
0.997829 -0.065525 0.006564 0.733642 0.065850 0.991874 -0.108860 96.860924 0.000622 0.109056 0.994035 4.077745 0.000000 0.000000 0.000000 1.000000
0.998007 -0.062935 0.004606 0.416818 0.063070 0.992412 -0.105548 97.970299 0.002072 0.105628 0.994404 3.390586 0.000000 0.000000 0.000000 1.000000
0.998230 -0.059392 0.003047 0.187369 0.059396 0.993138 -0.100738 99.347206 0.002957 0.100740 0.994908 2.807456 0.000000 0.000000 0.000000 1.000000
0.998468 -0.055325 0.000993 0.077007 0.055164 0.993834 -0.096181 100.739624 0.004334 0.096089 0.995363 2.117179 0.000000 0.000000 0.000000 1.000000
0.998774 -0.049466 -0.002032 0.092875 0.049073 0.994606 -0.091380 102.082726 0.006541 0.091169 0.995814 1.468265 0.000000 0.000000 0.000000 1.000000
0.999013 -0.043820 -0.007334 0.226486 0.043036 0.995425 -0.085308 103.356033 0.011039 0.084908 0.996328 0.806339 0.000000 0.000000 0.000000 1.000000</float_array>
        <technique_common>
          <accessor source="#mixamorig_Hips-Matrix-animation-output-transform-array" count="41" stride="16">
            <param type="float4x4"/>
          </accessor>
        </technique_common>
      </source>
      <source id="mixamorig_Hips-Interpolations">
        <Name_array id="mixamorig_Hips-Interpolations-array" count="41">
 LINEAR LINEAR LINEAR LINEAR LINEAR LINEAR LINEAR LINEAR LINEAR LINEAR LINEAR
LINEAR LINEAR LINEAR LINEAR LINEAR LINEAR LINEAR LINEAR LINEAR LINEAR LINEAR LINEAR
LINEAR LINEAR LINEAR LINEAR LINEAR LINEAR LINEAR LINEAR LINEAR LINEAR LINEAR LINEAR
LINEAR LINEAR LINEAR LINEAR LINEAR LINEAR</Name_array>
        <technique_common>
          <accessor source="#mixamorig_Hips-Interpolations-array" count="41">
            <param type="name"/>
          </accessor>
        </technique_common>
      </source>
      <sampler id="mixamorig_Hips-Matrix-animation-transform">
        <input semantic="INPUT" source="#mixamorig_Hips-Matrix-animation-input"/>
        <input semantic="OUTPUT" source="#mixamorig_Hips-Matrix-animation-output-transform"/>
        <input semantic="INTERPOLATION" source="#mixamorig_Hips-Interpolations"/>
      </sampler>
      <channel source="#mixamorig_Hips-Matrix-animation-transform" target="mixamorig_Hips/matrix"/>
    </animation>
    <animation id="mixamorig_Spine-anim" name="mixamorig_Spine">
      <source id="mixamorig_Spine-Matrix-animation-input">
        <float_array id="mixamorig_Spine-Matrix-animation-input-array" count="41">

0.000000 0.033333 0.066667 0.100000 0.133333 0.166667 0.200000 0.233333 0.266667 0.300000 0.333333 0.366667 0.400000 0.433333 0.466667 0.500000
0.533333 0.566667 0.600000 0.633333 0.666667 0.700000 0.733333 0.766667 0.800000 0.833333 0.866667 0.900000 0.933333 0.966667 1.000000 1.033333
1.066667 1.100000 1.133333 1.166667 1.200000 1.233333 1.266667 1.300000 1.333333</float_array>
        <technique_common>
          <accessor source="#mixamorig_Spine-Matrix-animation-input-array" count="41">
            <param name="TIME" type="float"/>
          </accessor>
        </technique_common>
      </source>
      <source id="mixamorig_Spine-Matrix-animation-output-transform">
        <float_array id="mixamorig_Spine-Matrix-animation-output-transform-array" count="656">

0.999519 0.008661 0.029763 0.000000 -0.002327 0.978427 -0.206581 9.635200 -0.030910 0.206412 0.977977 0.000000 0.000000 0.000000 0.000000 1.000000
0.999261 0.011673 0.036625 0.000000 -0.003959 0.978963 -0.203999 9.635200 -0.038235 0.203703 0.978286 0.000000 0.000000 0.000000 0.000000 1.000000
0.998908 0.015029 0.044242 0.000000 -0.005845 0.979612 -0.200814 9.635200 -0.046358 0.200336 0.978630 0.000000 0.000000 0.000000 0.000000 1.000000
0.998486 0.020763 0.050942 0.000000 -0.010315 0.980277 -0.197357 9.635200 -0.054035 0.196533 0.979007 0.000000 0.000000 0.000000 0.000000 1.000000
0.998050 0.024247 0.057525 0.000000 -0.012740 0.981207 -0.192539 9.635200 -0.061113 0.191431 0.979602 0.000000 0.000000 0.000000 0.000000 1.000000
0.997616 0.024763 0.064417 0.000000 -0.012050 0.981571 -0.190716 9.635200 -0.067953 0.189485 0.979529 -0.000000 0.000000 0.000000 0.000000 1.000000
0.997183 0.023039 0.071375 0.000000 -0.009104 0.981797 -0.189717 9.635200 -0.074447 0.188533 0.979241 -0.000000 0.000000 0.000000 0.000000 1.000000
0.996756 0.024045 0.076807 0.000000 -0.008981 0.981598 -0.190750 9.635200 -0.079980 0.189441 0.978629 -0.000000 0.000000 0.000000 0.000000 1.000000
0.996383 0.023182 0.081749 0.000000 -0.007048 0.981298 -0.192365 9.635200 -0.084680 0.191093 0.977912 -0.000000 0.000000 0.000000 0.000000 1.000000
0.996154 0.024740 0.084054 0.000000 -0.007759 0.980449 -0.196621 9.635200 -0.087275 0.195212 0.976870 0.000000 0.000000 0.000000 0.000000 1.000000
0.995913 0.037080 0.082360 0.000000 -0.018827 0.977039 -0.212228 9.635200 -0.088338 0.209810 0.973743 -0.000000 0.000000 0.000000 0.000000 1.000000
0.996203 0.038389 0.078138 0.000000 -0.020365 0.975384 -0.219569 9.635200 -0.084643 0.217144 0.972463 -0.000000 0.000000 0.000000 0.000000 1.000000
0.996960 0.033762 0.070215 0.000000 -0.017685 0.975770 -0.218083 9.635200 -0.075877 0.216178 0.973401 0.000000 0.000000 0.000000 0.000000 1.000000
0.997548 0.036949 0.059443 -0.000000 -0.023093 0.975493 -0.218816 9.635200 -0.066072 0.216906 0.973954 0.000000 0.000000 0.000000 0.000000 1.000000
0.998197 0.032365 0.050543 -0.000000 -0.020569 0.975621 -0.218497 9.635200 -0.056383 0.217063 0.974528 0.000000 0.000000 0.000000 0.000000 1.000000
0.998723 0.025300 0.043729 -0.000000 -0.015390 0.976786 -0.213664 9.635200 -0.048119 0.212718 0.975928 0.000000 0.000000 0.000000 0.000000 1.000000
0.999018 0.025061 0.036526 0.000000 -0.016881 0.977746 -0.209112 9.635200 -0.040954 0.208290 0.977209 0.000000 0.000000 0.000000 0.000000 1.000000
0.999295 0.024809 0.028163 -0.000000 -0.018433 0.978057 -0.207520 9.635200 -0.032694 0.206855 0.977825 0.000000 0.000000 0.000000 0.000000 1.000000
0.999626 0.020480 0.018143 0.000000 -0.016420 0.979467 -0.200935 9.635200 -0.021886 0.200562 0.979436 0.000000 0.000000 0.000000 0.000000 1.000000
0.999866 0.014622 0.007388 0.000000 -0.012878 0.980259 -0.197298 9.635200 -0.010127 0.197177 0.980316 0.000000 0.000000 0.000000 0.000000 1.000000
0.999943 0.010221 -0.003210 0.000000 -0.010648 0.981281 -0.192285 9.635200 0.001185 0.192309 0.981334 0.000000 0.000000 0.000000 0.000000 1.000000
0.999912 0.005732 -0.011935 0.000000 -0.007883 0.981993 -0.188753 9.635200 0.010638 0.188831 0.981952 0.000000 0.000000 0.000000 0.000000 1.000000
0.999789 0.000820 -0.020518 0.000000 -0.004614 0.982619 -0.185575 9.635200 0.020009 0.185630 0.982416 0.000000 0.000000 0.000000 0.000000 1.000000
0.999569 -0.003043 -0.029198 0.000000 -0.002344 0.983167 -0.182694 9.635200 0.029263 0.182684 0.982736 0.000000 0.000000 0.000000 0.000000 1.000000
0.999295 -0.006126 -0.037034 0.000000 -0.000700 0.983381 -0.181553 9.635200 0.037531 0.181451 0.982684 0.000000 0.000000 0.000000 0.000000 1.000000
0.999063 -0.005767 -0.042885 0.000000 -0.002118 0.983375 -0.181574 9.635200 0.043219 0.181495 0.982442 -0.000000 0.000000 0.000000 0.000000 1.000000
0.998877 -0.005111 -0.047112 -0.000000 -0.003488 0.983543 -0.180642 9.635200 0.047260 0.180603 0.982420 -0.000000 0.000000 0.000000 0.000000 1.000000
0.998763 -0.003504 -0.049598 -0.000000 -0.005517 0.983544 -0.180587 9.635200 0.049414 0.180637 0.982308 -0.000000 0.000000 0.000000 0.000000 1.000000
0.998664 -0.002610 -0.051605 0.000000 -0.006855 0.983205 -0.182378 9.635200 0.051214 0.182488 0.981873 0.000000 0.000000 0.000000 0.000000 1.000000
0.998671 -0.005159 -0.051271 0.000000 -0.004593 0.982102 -0.188296 9.635200 0.051325 0.188281 0.980773 0.000000 0.000000 0.000000 0.000000 1.000000
0.998704 -0.013646 -0.049039 0.000000 0.003771 0.980584 -0.196063 9.635200 0.050763 0.195624 0.979364 -0.000000 0.000000 0.000000 0.000000 1.000000
0.998816 -0.017967 -0.045216 0.000000 0.008395 0.979024 -0.203572 9.635200 0.047925 0.202951 0.978015 0.000000 0.000000 0.000000 0.000000 1.000000
0.999105 -0.007629 -0.041611 0.000000 -0.000803 0.980009 -0.198951 9.635200 0.042297 0.198807 0.979126 -0.000000 0.000000 0.000000 0.000000 1.000000
0.999356 -0.002433 -0.035788 0.000000 -0.004635 0.980575 -0.196092 9.635200 0.035570 0.196131 0.979932 -0.000000 0.000000 0.000000 0.000000 1.000000
0.999560 0.004442 -0.029320 0.000000 -0.010192 0.979952 -0.198971 9.635200 0.027849 0.199182 0.979567 0.000000 0.000000 0.000000 0.000000 1.000000
0.999679 0.012193 -0.022187 0.000000 -0.016323 0.980321 -0.196733 9.635200 0.019351 0.197032 0.980206 0.000000 0.000000 0.000000 0.000000 1.000000
0.999875 0.009315 -0.012770 -0.000000 -0.011673 0.979890 -0.199196 9.635200 0.010658 0.199320 0.979876 0.000000 0.000000 0.000000 0.000000 1.000000
0.999968 0.007377 -0.003166 -0.000000 -0.007868 0.978933 -0.204031 9.635200 0.001594 0.204049 0.978959 -0.000000 0.000000 0.000000 0.000000 1.000000
0.999953 0.007342 0.006307 0.000000 -0.005854 0.977700 -0.209927 9.635200 -0.007708 0.209880 0.977697 0.000000 0.000000 0.000000 0.000000 1.000000
0.999852 0.006852 0.015785 0.000000 -0.003383 0.977670 -0.210121 9.635200 -0.016872 0.210036 0.977548 0.000000 0.000000 0.000000 0.000000 1.000000
0.999638 0.008080 0.025675 0.000000 -0.002578 0.978229 -0.207512 9.635200 -0.026793 0.207370 0.977896 0.000000 0.000000 0.000000 0.000000 1.000000</float_array>
        <technique_common>
          <accessor source="#mixamorig_Spine-Matrix-animation-output-transform-array" count="41" stride="16">
            <param type="float4x4"/>
          </accessor>
        </technique_common>
      </source>
      <source id="mixamorig_Spine-Interpolations">
        <Name_array id="mixamorig_Spine-Interpolations-array" count="41">
 LINEAR LINEAR LINEAR LINEAR LINEAR LINEAR LINEAR LINEAR LINEAR LINEAR LINEAR
LINEAR LINEAR LINEAR LINEAR LINEAR LINEAR LINEAR LINEAR LINEAR LINEAR LINEAR LINEAR
LINEAR LINEAR LINEAR LINEAR LINEAR LINEAR LINEAR LINEAR LINEAR LINEAR LINEAR LINEAR
LINEAR LINEAR LINEAR LINEAR LINEAR LINEAR</Name_array>
        <technique_common>
          <accessor source="#mixamorig_Spine-Interpolations-array" count="41">
            <param type="name"/>
          </accessor>
        </technique_common>
      </source>
      <sampler id="mixamorig_Spine-Matrix-animation-transform">
        <input semantic="INPUT" source="#mixamorig_Spine-Matrix-animation-input"/>
        <input semantic="OUTPUT" source="#mixamorig_Spine-Matrix-animation-output-transform"/>
        <input semantic="INTERPOLATION" source="#mixamorig_Spine-Interpolations"/>
      </sampler>
      <channel source="#mixamorig_Spine-Matrix-animation-transform" target="mixamorig_Spine/matrix"/>
    </animation>
    <animation id="mixamorig_Spine1-anim" name="mixamorig_Spine1">
      <source id="mixamorig_Spine1-Matrix-animation-input">
        <float_array id="mixamorig_Spine1-Matrix-animation-input-array" count="41">

0.000000 0.033333 0.066667 0.100000 0.133333 0.166667 0.200000 0.233333 0.266667 0.300000 0.333333 0.366667 0.400000 0.433333 0.466667 0.500000
0.533333 0.566667 0.600000 0.633333 0.666667 0.700000 0.733333 0.766667 0.800000 0.833333 0.866667 0.900000 0.933333 0.966667 1.000000 1.033333
1.066667 1.100000 1.133333 1.166667 1.200000 1.233333 1.266667 1.300000 1.333333</float_array>
        <technique_common>
          <accessor source="#mixamorig_Spine1-Matrix-animation-input-array" count="41">
            <param name="TIME" type="float"/>
          </accessor>
        </technique_common>
      </source>
      <source id="mixamorig_Spine1-Matrix-animation-output-transform">
        <float_array id="mixamorig_Spine1-Matrix-animation-output-transform-array" count="656">

0.998604 0.019968 0.048905 -0.000000 -0.014338 0.993506 -0.112873 9.766500 -0.050841 0.112014 0.992405 0.000000 0.000000 0.000000 0.000000 1.000000
0.997694 0.025436 0.062928 0.000000 -0.018564 0.994035 -0.107473 9.766500 -0.065286 0.106057 0.992214 0.000000 0.000000 0.000000 0.000000 1.000000
0.996637 0.029839 0.076313 -0.000000 -0.021983 0.994564 -0.101779 9.766500 -0.078935 0.099759 0.991876 -0.000000 0.000000 0.000000 0.000000 1.000000
0.995584 0.033575 0.087662 -0.000000 -0.025077 0.995035 -0.096313 9.766500 -0.090460 0.093689 0.991483 0.000000 0.000000 0.000000 0.000000 1.000000
0.994590 0.035490 0.097628 0.000000 -0.026615 0.995518 -0.090752 9.766500 -0.100412 0.087663 0.991077 -0.000000 0.000000 0.000000 0.000000 1.000000
0.993676 0.035996 0.106357 0.000000 -0.026829 0.995899 -0.086403 9.766500 -0.109031 0.083003 0.990567 0.000000 0.000000 0.000000 0.000000 1.000000
0.992827 0.036134 0.113968 0.000000 -0.026698 0.996170 -0.083261 9.766500 -0.116540 0.079621 0.989989 0.000000 0.000000 0.000000 0.000000 1.000000
0.992014 0.036742 0.120655 0.000000 -0.026897 0.996250 -0.082239 9.766500 -0.123224 0.078337 0.989282 0.000000 0.000000 0.000000 0.000000 1.000000
0.991359 0.038001 0.125552 -0.000000 -0.027547 0.996087 -0.083976 9.766500 -0.128252 0.079792 0.988526 0.000000 0.000000 0.000000 0.000000 1.000000
0.991060 0.040057 0.127258 0.000000 -0.028389 0.995335 -0.092213 9.766500 -0.130358 0.087776 0.987574 0.000000 0.000000 0.000000 0.000000 1.000000
0.991260 0.042949 0.124737 0.000000 -0.029250 0.993540 -0.109648 9.766500 -0.128640 0.105042 0.986113 0.000000 0.000000 0.000000 0.000000 1.000000
0.991881 0.043666 0.119437 -0.000000 -0.028854 0.991981 -0.123046 9.766500 -0.123852 0.118601 0.985188 0.000000 0.000000 0.000000 0.000000 1.000000
0.992947 0.042327 0.110742 0.000000 -0.027839 0.991223 -0.129239 9.766500 -0.115240 0.125245 0.985410 0.000000 0.000000 0.000000 0.000000 1.000000
0.994244 0.039616 0.099551 0.000000 -0.026196 0.990814 -0.132668 9.766500 -0.103892 0.129296 0.986148 0.000000 0.000000 0.000000 0.000000 1.000000
0.995588 0.034137 0.087404 0.000000 -0.022459 0.991093 -0.131261 9.766500 -0.091106 0.128718 0.987487 0.000000 0.000000 0.000000 0.000000 1.000000
0.996786 0.027780 0.075144 0.000000 -0.018120 0.991826 -0.126307 9.766500 -0.078039 0.124539 0.989141 -0.000000 0.000000 0.000000 0.000000 1.000000
0.997822 0.022248 0.062095 -0.000000 -0.014612 0.992567 -0.120822 9.766500 -0.064321 0.119651 0.990730 0.000000 0.000000 0.000000 0.000000 1.000000
0.998673 0.016891 0.048656 0.000000 -0.011173 0.993246 -0.115484 9.766500 -0.050278 0.114788 0.992117 -0.000000 0.000000 0.000000 0.000000 1.000000
0.999321 0.011422 0.035021 0.000000 -0.007562 0.994075 -0.108437 9.766500 -0.036052 0.108098 0.993486 0.000000 0.000000 0.000000 0.000000 1.000000
0.999766 0.005951 0.020795 0.000000 -0.003810 0.994825 -0.101531 9.766500 -0.021292 0.101428 0.994615 -0.000000 0.000000 0.000000 0.000000 1.000000
0.999982 0.001300 0.005932 0.000000 -0.000734 0.995528 -0.094466 9.766500 -0.006028 0.094460 0.995510 0.000000 0.000000 0.000000 0.000000 1.000000
0.999955 -0.002888 -0.009001 -0.000000 0.002084 0.996103 -0.088176 9.766500 0.009221 0.088154 0.996064 0.000000 0.000000 0.000000 0.000000 1.000000
0.999702 -0.006349 -0.023577 0.000000 0.004386 0.996591 -0.082379 9.766500 0.024020 0.082251 0.996322 0.000000 0.000000 0.000000 0.000000 1.000000
0.999259 -0.008717 -0.037476 0.000000 0.005791 0.996977 -0.077483 9.766500 0.038038 0.077208 0.996289 0.000000 0.000000 0.000000 0.000000 1.000000
0.998708 -0.009774 -0.049864 0.000000 0.006065 0.997240 -0.074000 9.766500 0.050450 0.073602 0.996011 0.000000 0.000000 0.000000 0.000000 1.000000
0.998181 -0.009287 -0.059564 0.000000 0.004991 0.997402 -0.071863 9.766500 0.060077 0.071435 0.995634 0.000000 0.000000 0.000000 0.000000 1.000000
0.997725 -0.008316 -0.066895 0.000000 0.003564 0.997481 -0.070850 9.766500 0.067316 0.070451 0.995241 0.000000 0.000000 0.000000 0.000000 1.000000
0.997320 -0.007244 -0.072803 0.000000 0.002059 0.997470 -0.071053 9.766500 0.073133 0.070713 0.994812 -0.000000 0.000000 0.000000 0.000000 1.000000
0.997063 -0.006705 -0.076292 0.000000 0.001141 0.997350 -0.072745 9.766500 0.076577 0.072444 0.994428 -0.000000 0.000000 0.000000 0.000000 1.000000
0.997056 -0.006982 -0.076357 0.000000 0.001073 0.997018 -0.077157 9.766500 0.076668 0.076848 0.994091 -0.000000 0.000000 0.000000 0.000000 1.000000
0.997297 -0.009043 -0.072912 0.000000 0.002890 0.996456 -0.084061 9.766500 0.073414 0.083624 0.993789 -0.000000 0.000000 0.000000 0.000000 1.000000
0.997686 -0.009997 -0.067248 0.000000 0.003862 0.995866 -0.090750 9.766500 0.067877 0.090281 0.993601 0.000000 0.000000 0.000000 0.000000 1.000000
0.998112 -0.007887 -0.060915 0.000000 0.002220 0.995706 -0.092541 9.766500 0.061383 0.092231 0.993844 -0.000000 0.000000 0.000000 0.000000 1.000000
0.998576 -0.005936 -0.053025 0.000000 0.000930 0.995578 -0.093933 9.766500 0.053348 0.093750 0.994165 0.000000 0.000000 0.000000 0.000000 1.000000
0.999018 -0.003261 -0.044197 0.000000 -0.001007 0.995360 -0.096218 9.766500 0.044305 0.096168 0.994379 0.000000 0.000000 0.000000 0.000000 1.000000
0.999417 0.000061 -0.034153 0.000000 -0.003388 0.995243 -0.097363 9.766500 0.033984 0.097422 0.994663 -0.000000 0.000000 0.000000 0.000000 1.000000
0.999751 0.002527 -0.022166 0.000000 -0.004735 0.994961 -0.100151 9.766500 0.021801 0.100231 0.994725 -0.000000 0.000000 0.000000 0.000000 1.000000
0.999951 0.005584 -0.008182 0.000000 -0.006405 0.994559 -0.103982 9.766500 0.007557 0.104030 0.994545 0.000000 0.000000 0.000000 0.000000 1.000000
0.999933 0.009000 0.007320 -0.000000 -0.008155 0.994086 -0.108286 9.766500 -0.008251 0.108219 0.994093 0.000000 0.000000 0.000000 0.000000 1.000000
0.999637 0.012977 0.023597 0.000000 -0.010278 0.993758 -0.111086 9.766500 -0.024891 0.110803 0.993531 0.000000 0.000000 0.000000 0.000000 1.000000
0.999026 0.017945 0.040315 -0.000000 -0.013279 0.993487 -0.113173 9.766500 -0.042083 0.112528 0.992757 -0.000000 0.000000 0.000000 0.000000 1.000000</float_array>
        <technique_common>
          <accessor source="#mixamorig_Spine1-Matrix-animation-output-transform-array" count="41" stride="16">
            <param type="float4x4"/>
          </accessor>
        </technique_common>
      </source>
      <source id="mixamorig_Spine1-Interpolations">
        <Name_array id="mixamorig_Spine1-Interpolations-array" count="41">
 LINEAR LINEAR LINEAR LINEAR LINEAR LINEAR LINEAR LINEAR LINEAR LINEAR LINEAR
LINEAR LINEAR LINEAR LINEAR LINEAR LINEAR LINEAR LINEAR LINEAR LINEAR LINEAR LINEAR
LINEAR LINEAR LINEAR LINEAR LINEAR LINEAR LINEAR LINEAR LINEAR LINEAR LINEAR LINEAR
LINEAR LINEAR LINEAR LINEAR LINEAR LINEAR</Name_array>
        <technique_common>
          <accessor source="#mixamorig_Spine1-Interpolations-array" count="41">
            <param type="name"/>
          </accessor>
        </technique_common>
      </source>
      <sampler id="mixamorig_Spine1-Matrix-animation-transform">
        <input semantic="INPUT" source="#mixamorig_Spine1-Matrix-animation-input"/>
        <input semantic="OUTPUT" source="#mixamorig_Spine1-Matrix-animation-output-transform"/>
        <input semantic="INTERPOLATION" source="#mixamorig_Spine1-Interpolations"/>
      </sampler>
      <channel source="#mixamorig_Spine1-Matrix-animation-transform" target="mixamorig_Spine1/matrix"/>
    </animation>
    <animation id="mixamorig_Spine2-anim" name="mixamorig_Spine2">
      <source id="mixamorig_Spine2-Matrix-animation-input">
        <float_array id="mixamorig_Spine2-Matrix-animation-input-array" count="41">

0.000000 0.033333 0.066667 0.100000 0.133333 0.166667 0.200000 0.233333 0.266667 0.300000 0.333333 0.366667 0.400000 0.433333 0.466667 0.500000
0.533333 0.566667 0.600000 0.633333 0.666667 0.700000 0.733333 0.766667 0.800000 0.833333 0.866667 0.900000 0.933333 0.966667 1.000000 1.033333
1.066667 1.100000 1.133333 1.166667 1.200000 1.233333 1.266667 1.300000 1.333333</float_array>
        <technique_common>
          <accessor source="#mixamorig_Spine2-Matrix-animation-input-array" count="41">
            <param name="TIME" type="float"/>
          </accessor>
        </technique_common>
      </source>
      <source id="mixamorig_Spine2-Matrix-animation-output-transform">
        <float_array id="mixamorig_Spine2-Matrix-animation-output-transform-array" count="656">

0.998582 0.010541 0.052182 0.000000 -0.013693 0.998079 0.060417 9.815200 -0.051444 -0.061046 0.996808 0.000000 0.000000 0.000000 0.000000 1.000000
0.997732 0.013186 0.066003 0.000000 -0.017545 0.997672 0.065903 9.815200 -0.064980 -0.066912 0.995641 0.000000 0.000000 0.000000 0.000000 1.000000
0.996746 0.015333 0.079133 -0.000000 -0.021023 0.997214 0.071574 9.815200 -0.077815 -0.073004 0.994291 0.000000 0.000000 0.000000 0.000000 1.000000
0.995757 0.016347 0.090562 0.000000 -0.023369 0.996755 0.077032 9.815200 -0.089009 -0.078822 0.992907 0.000000 0.000000 0.000000 0.000000 1.000000
0.994810 0.016009 0.100484 -0.000000 -0.024356 0.996302 0.082397 9.815200 -0.098794 -0.084417 0.991521 0.000000 0.000000 0.000000 0.000000 1.000000
0.993914 0.014868 0.109147 0.000000 -0.024393 0.995956 0.086465 9.815200 -0.107420 -0.088601 0.990258 0.000000 0.000000 0.000000 0.000000 1.000000
0.993058 0.013673 0.116827 0.000000 -0.024200 0.995722 0.089172 9.815200 -0.115108 -0.091380 0.989141 -0.000000 0.000000 0.000000 0.000000 1.000000
0.992219 0.013514 0.123770 0.000000 -0.024800 0.995623 0.090105 9.815200 -0.122011 -0.092473 0.988212 -0.000000 0.000000 0.000000 0.000000 1.000000
0.991521 0.014127 0.129180 -0.000000 -0.025703 0.995754 0.088389 9.815200 -0.127382 -0.090960 0.987674 -0.000000 0.000000 0.000000 0.000000 1.000000
0.991172 0.015375 0.131691 0.000000 -0.026095 0.996448 0.080071 9.815200 -0.129992 -0.082800 0.988052 0.000000 0.000000 0.000000 0.000000 1.000000
0.991224 0.019492 0.130748 0.000000 -0.028009 0.997581 0.063623 9.815200 -0.129191 -0.066727 0.989372 -0.000000 0.000000 0.000000 0.000000 1.000000
0.991849 0.020637 0.125735 0.000000 -0.027188 0.998348 0.050610 9.815200 -0.124483 -0.053616 0.990772 0.000000 0.000000 0.000000 0.000000 1.000000
0.992905 0.020837 0.117068 0.000000 -0.026114 0.998702 0.043727 9.815200 -0.116005 -0.046474 0.992161 0.000000 0.000000 0.000000 0.000000 1.000000
0.994224 0.020913 0.105265 0.000000 -0.025324 0.998849 0.040740 9.815200 -0.104292 -0.043170 0.993609 0.000000 0.000000 0.000000 0.000000 1.000000
0.995565 0.018068 0.092321 0.000000 -0.022024 0.998875 0.042005 9.815200 -0.091458 -0.043852 0.994843 0.000000 0.000000 0.000000 0.000000 1.000000
0.996802 0.013894 0.078696 0.000000 -0.017611 0.998752 0.046740 9.815200 -0.077948 -0.047976 0.995802 0.000000 0.000000 0.000000 0.000000 1.000000
0.997838 0.010789 0.064834 -0.000000 -0.014195 0.998530 0.052312 9.815200 -0.064174 -0.053119 0.996524 -0.000000 0.000000 0.000000 0.000000 1.000000
0.998688 0.007966 0.050594 -0.000000 -0.010886 0.998275 0.057694 9.815200 -0.050047 -0.058169 0.997052 0.000000 0.000000 0.000000 0.000000 1.000000
0.999341 0.005200 0.035929 -0.000000 -0.007520 0.997874 0.064737 9.815200 -0.035516 -0.064964 0.997255 -0.000000 0.000000 0.000000 0.000000 1.000000
0.999778 0.003086 0.020834 -0.000000 -0.004572 0.997417 0.071686 9.815200 -0.020559 -0.071765 0.997210 0.000000 0.000000 0.000000 0.000000 1.000000
0.999985 0.001230 0.005410 0.000000 -0.001653 0.996888 0.078812 9.815200 -0.005297 -0.078820 0.996875 0.000000 0.000000 0.000000 0.000000 1.000000
0.999951 -0.000311 -0.009943 0.000000 0.001156 0.996366 0.085172 9.815200 0.009881 -0.085179 0.996317 0.000000 0.000000 0.000000 0.000000 1.000000
0.999692 -0.001120 -0.024803 -0.000000 0.003375 0.995841 0.091044 9.815200 0.024598 -0.091100 0.995538 0.000000 0.000000 0.000000 0.000000 1.000000
0.999252 -0.000514 -0.038665 0.000000 0.004224 0.995380 0.095920 9.815200 0.038437 -0.096012 0.994638 0.000000 0.000000 0.000000 0.000000 1.000000
0.998713 0.000956 -0.050705 0.000000 0.004087 0.995055 0.099246 9.815200 0.050549 -0.099325 0.993770 0.000000 0.000000 0.000000 0.000000 1.000000
0.998205 0.003164 -0.059800 -0.000000 0.002903 0.994873 0.101092 9.815200 0.059813 -0.101084 0.993078 0.000000 0.000000 0.000000 0.000000 1.000000
0.997765 0.005441 -0.066598 0.000000 0.001381 0.994787 0.101969 9.815200 0.066806 -0.101833 0.992556 0.000000 0.000000 0.000000 0.000000 1.000000
0.997370 0.007656 -0.072070 0.000000 -0.000290 0.994819 0.101661 9.815200 0.072475 -0.101373 0.992205 0.000000 0.000000 0.000000 0.000000 1.000000
0.997118 0.008439 -0.075396 -0.000000 -0.000867 0.994998 0.099895 9.815200 0.075861 -0.099542 0.992137 0.000000 0.000000 0.000000 0.000000 1.000000
0.997092 0.007919 -0.075799 0.000000 -0.000639 0.995420 0.095592 9.815200 0.076209 -0.095266 0.992530 -0.000000 0.000000 0.000000 0.000000 1.000000
0.997296 0.005175 -0.073307 -0.000000 0.001391 0.996010 0.089228 9.815200 0.073476 -0.089088 0.993310 0.000000 0.000000 0.000000 0.000000 1.000000
0.997630 0.002825 -0.068744 0.000000 0.002904 0.996537 0.083098 9.815200 0.068741 -0.083101 0.994167 0.000000 0.000000 0.000000 0.000000 1.000000
0.998055 0.004556 -0.062181 0.000000 0.000492 0.996720 0.080929 9.815200 0.062346 -0.080803 0.994778 0.000000 0.000000 0.000000 0.000000 1.000000
0.998517 0.004515 -0.054252 -0.000000 -0.000199 0.996852 0.079288 9.815200 0.054439 -0.079160 0.995374 0.000000 0.000000 0.000000 0.000000 1.000000
0.998983 0.005519 -0.044750 0.000000 -0.002064 0.997038 0.076881 9.815200 0.045042 -0.076711 0.996035 0.000000 0.000000 0.000000 0.000000 1.000000
0.999407 0.006590 -0.033807 -0.000000 -0.004014 0.997122 0.075707 9.815200 0.034209 -0.075527 0.996557 0.000000 0.000000 0.000000 0.000000 1.000000
0.999743 0.006536 -0.021714 0.000000 -0.004932 0.997313 0.073090 9.815200 0.022133 -0.072964 0.997089 -0.000000 0.000000 0.000000 0.000000 1.000000
0.999950 0.006509 -0.007618 0.000000 -0.005966 0.997580 0.069277 9.815200 0.008050 -0.069228 0.997568 0.000000 0.000000 0.000000 0.000000 1.000000
0.999940 0.007110 0.008279 0.000000 -0.007632 0.997860 0.064935 9.815200 -0.007800 -0.064995 0.997855 0.000000 0.000000 0.000000 0.000000 1.000000
0.999645 0.008322 0.025303 0.000000 -0.009880 0.998021 0.062105 9.815200 -0.024736 -0.062333 0.997749 0.000000 0.000000 0.000000 0.000000 1.000000
0.999025 0.009395 0.043134 -0.000000 -0.011981 0.998121 0.060098 9.815200 -0.042488 -0.060556 0.997260 -0.000000 0.000000 0.000000 0.000000 1.000000</float_array>
        <technique_common>
          <accessor source="#mixamorig_Spine2-Matrix-animation-output-transform-array" count="41" stride="16">
            <param type="float4x4"/>
          </accessor>
        </technique_common>
      </source>
      <source id="mixamorig_Spine2-Interpolations">
        <Name_array id="mixamorig_Spine2-Interpolations-array" count="41">
 LINEAR LINEAR LINEAR LINEAR LINEAR LINEAR LINEAR LINEAR LINEAR LINEAR LINEAR
LINEAR LINEAR LINEAR LINEAR LINEAR LINEAR LINEAR LINEAR LINEAR LINEAR LINEAR LINEAR
LINEAR LINEAR LINEAR LINEAR LINEAR LINEAR LINEAR LINEAR LINEAR LINEAR LINEAR LINEAR
LINEAR LINEAR LINEAR LINEAR LINEAR LINEAR</Name_array>
        <technique_common>
          <accessor source="#mixamorig_Spine2-Interpolations-array" count="41">
            <param type="name"/>
          </accessor>
        </technique_common>
      </source>
      <sampler id="mixamorig_Spine2-Matrix-animation-transform">
        <input semantic="INPUT" source="#mixamorig_Spine2-Matrix-animation-input"/>
        <input semantic="OUTPUT" source="#mixamorig_Spine2-Matrix-animation-output-transform"/>
        <input semantic="INTERPOLATION" source="#mixamorig_Spine2-Interpolations"/>
      </sampler>
      <channel source="#mixamorig_Spine2-Matrix-animation-transform" target="mixamorig_Spine2/matrix"/>
    </animation>
    <animation id="mixamorig_Neck-anim" name="mixamorig_Neck">
      <source id="mixamorig_Neck-Matrix-animation-input">
        <float_array id="mixamorig_Neck-Matrix-animation-input-array" count="41">

0.000000 0.033333 0.066667 0.100000 0.133333 0.166667 0.200000 0.233333 0.266667 0.300000 0.333333 0.366667 0.400000 0.433333 0.466667 0.500000
0.533333 0.566667 0.600000 0.633333 0.666667 0.700000 0.733333 0.766667 0.800000 0.833333 0.866667 0.900000 0.933333 0.966667 1.000000 1.033333
1.066667 1.100000 1.133333 1.166667 1.200000 1.233333 1.266667 1.300000 1.333333</float_array>
        <technique_common>
          <accessor source="#mixamorig_Neck-Matrix-animation-input-array" count="41">
            <param name="TIME" type="float"/>
          </accessor>
        </technique_common>
      </source>
      <source id="mixamorig_Neck-Matrix-animation-output-transform">
        <float_array id="mixamorig_Neck-Matrix-animation-output-transform-array" count="656">

0.993663 -0.050923 -0.100204 0.000100 0.059496 0.994645 0.084512 31.180201 0.095364 -0.089938 0.991371 -6.470500 0.000000 0.000000 0.000000 1.000000
0.991964 -0.062697 -0.109894 0.000100 0.069268 0.995967 0.057032 31.180201 0.105875 -0.064186 0.992306 -6.470500 0.000000 0.000000 0.000000 1.000000
0.990359 -0.073209 -0.117602 0.000100 0.076879 0.996675 0.026974 31.180201 0.115236 -0.035755 0.992694 -6.470500 0.000000 0.000000 0.000000 1.000000
0.989139 -0.081992 -0.121991 0.000100 0.082482 0.996592 -0.001031 31.180201 0.121659 -0.009043 0.992531 -6.470500 0.000000 0.000000 0.000000 1.000000
0.987950 -0.089484 -0.126281 0.000100 0.086789 0.995869 -0.026695 31.180201 0.128148 0.015413 0.991635 -6.470500 0.000000 0.000000 0.000000 1.000000
0.987069 -0.095601 -0.128668 0.000100 0.089661 0.994655 -0.051199 31.180201 0.132875 0.039001 0.990365 -6.470500 0.000000 0.000000 0.000000 1.000000
0.986310 -0.100678 -0.130598 0.000100 0.091637 0.993077 -0.073491 31.180201 0.137093 0.060517 0.988708 -6.470500 0.000000 0.000000 0.000000 1.000000
0.985739 -0.102566 -0.133413 0.000100 0.092434 0.992495 -0.080060 31.180201 0.140624 0.066587 0.987821 -6.470500 0.000000 0.000000 0.000000 1.000000
0.986304 -0.095896 -0.134197 0.000100 0.088295 0.994194 -0.061506 31.180201 0.139316 0.048814 0.989044 -6.470500 0.000000 0.000000 0.000000 1.000000
0.988915 -0.069844 -0.131029 0.000100 0.068568 0.997545 -0.014228 31.180201 0.131701 0.005085 0.991276 -6.470500 0.000000 0.000000 0.000000 1.000000
0.990588 -0.046123 -0.128873 0.000100 0.053340 0.997163 0.053120 31.180201 0.126057 -0.059494 0.990237 -6.470500 0.000000 0.000000 0.000000 1.000000
0.991669 -0.031189 -0.124979 0.000100 0.042071 0.995459 0.085396 31.180201 0.121748 -0.089942 0.988478 -6.470500 0.000000 0.000000 0.000000 1.000000
0.991707 -0.032047 -0.124459 0.000100 0.042986 0.995348 0.086227 31.180201 0.121117 -0.090862 0.988471 -6.470500 0.000000 0.000000 0.000000 1.000000
0.991301 -0.034823 -0.126926 0.000100 0.046817 0.994586 0.092768 31.180201 0.123009 -0.097904 0.987565 -6.470500 0.000000 0.000000 0.000000 1.000000
0.991827 -0.031215 -0.123709 0.000100 0.043642 0.994125 0.099050 31.180201 0.119891 -0.103640 0.987363 -6.470500 0.000000 0.000000 0.000000 1.000000
0.992677 -0.028390 -0.117413 0.000100 0.040353 0.994088 0.100799 31.180201 0.113857 -0.104799 0.987954 -6.470500 0.000000 0.000000 0.000000 1.000000
0.993786 -0.028566 -0.107576 0.000100 0.039779 0.993826 0.103574 31.180201 0.103953 -0.107210 0.988787 -6.470500 0.000000 0.000000 0.000000 1.000000
0.994750 -0.034576 -0.096319 0.000100 0.045362 0.992656 0.112143 31.180201 0.091734 -0.115924 0.989013 -6.470500 0.000000 0.000000 0.000000 1.000000
0.994840 -0.054733 -0.085431 0.000100 0.063745 0.992257 0.106599 31.180201 0.078935 -0.111495 0.990625 -6.470500 0.000000 0.000000 0.000000 1.000000
0.994154 -0.078746 -0.073870 0.000100 0.085647 0.991743 0.095447 31.180201 0.065744 -0.101215 0.992690 -6.470500 0.000000 0.000000 0.000000 1.000000
0.994597 -0.086600 -0.057253 0.000100 0.091010 0.992669 0.079526 31.180201 0.049947 -0.084307 0.995187 -6.470500 0.000000 0.000000 0.000000 1.000000
0.996920 -0.070617 -0.034109 0.000100 0.072773 0.995111 0.066764 31.180201 0.029228 -0.069041 0.997186 -6.470500 0.000000 0.000000 0.000000 1.000000
0.999131 -0.040626 -0.009299 0.000100 0.041069 0.997706 0.053820 31.180201 0.007091 -0.054155 0.998507 -6.470500 0.000000 0.000000 0.000000 1.000000
0.999865 -0.009884 0.013144 0.000100 0.009362 0.999188 0.039184 31.180201 -0.013520 -0.039055 0.999146 -6.470500 0.000000 0.000000 0.000000 1.000000
0.999398 0.016591 0.030482 0.000100 -0.017463 0.999439 0.028566 31.180201 -0.029991 -0.029081 0.999127 -6.470500 0.000000 0.000000 0.000000 1.000000
0.998650 0.031390 0.041395 0.000100 -0.032457 0.999151 0.025357 31.180201 -0.040564 -0.026666 0.998821 -6.470500 0.000000 0.000000 0.000000 1.000000
0.998007 0.041293 0.047708 0.000100 -0.042688 0.998679 0.028586 31.180201 -0.046465 -0.030566 0.998452 -6.470500 0.000000 0.000000 0.000000 1.000000
0.997596 0.046571 0.051314 0.000100 -0.048717 0.997955 0.041385 31.180201 -0.049282 -0.043786 0.997825 -6.470500 0.000000 0.000000 0.000000 1.000000
0.997333 0.050345 0.052842 0.000100 -0.053737 0.996446 0.064862 31.180201 -0.049389 -0.067528 0.996494 -6.470500 0.000000 0.000000 0.000000 1.000000
0.997441 0.050933 0.050177 0.000100 -0.055853 0.993207 0.102081 31.180201 -0.044637 -0.104622 0.993510 -6.470500 0.000000 0.000000 0.000000 1.000000
0.997399 0.054149 0.047577 0.000100 -0.060550 0.987514 0.145430 31.180201 -0.039108 -0.147933 0.988224 -6.470500 0.000000 0.000000 0.000000 1.000000
0.997810 0.051291 0.041768 0.000100 -0.057979 0.982135 0.179024 31.180201 -0.031840 -0.181054 0.982958 -6.470500 0.000000 0.000000 0.000000 1.000000
0.998920 0.034987 0.030574 0.000100 -0.039935 0.982848 0.180043 31.180201 -0.023751 -0.181069 0.983184 -6.470500 0.000000 0.000000 0.000000 1.000000
