<?xml version="1.0" encoding="utf-8"?>
<COLLADA xmlns="http://www.collada.org/2005/11/COLLADASchema" version="1.4.1">
  <asset>
    <contributor>
      <author>Mixamo</author>
      <authoring_tool>COLLADA Mixamo exporter</authoring_tool>
      <comments/>
    </contributor>
    <created>2025-11-19T16:34:16Z</created>
    <modified>2025-11-19T16:34:16Z</modified>
    <revision/>
    <title/>
    <unit meter="0.010000"/>
    <up_axis>Y_UP</up_axis>
  </asset>
  <library_animations>
    <animation id="mixamorig_Hips-anim" name="mixamorig_Hips">
      <source id="mixamorig_Hips-Matrix-animation-input">
        <float_array id="mixamorig_Hips-Matrix-animation-input-array" count="129">

0.000000 0.033333 0.066667 0.100000 0.133333 0.166667 0.200000 0.233333 0.266667 0.300000 0.333333 0.366667 0.400000 0.433333 0.466667 0.500000
0.533333 0.566667 0.600000 0.633333 0.666667 0.700000 0.733333 0.766667 0.800000 0.833333 0.866667 0.900000 0.933333 0.966667 1.000000 1.033333
1.066667 1.100000 1.133333 1.166667 1.200000 1.233333 1.266667 1.300000 1.333333 1.366667 1.400000 1.433333 1.466667 1.500000 1.533333 1.566667
1.600000 1.633333 1.666667 1.700000 1.733333 1.766667 1.800000 1.833333 1.866667 1.900000 1.933333 1.966667 2.000000 2.033333 2.066667 2.100000
2.133333 2.166667 2.200000 2.233333 2.266667 2.300000 2.333333 2.366667 2.400000 2.433333 2.466667 2.500000 2.533333 2.566667 2.600000 2.633333
2.666667 2.700000 2.733333 2.766667 2.800000 2.833333 2.866667 2.900000 2.933333 2.966667 3.000000 3.033333 3.066667 3.100000 3.133333 3.166667
3.200000 3.233333 3.266667 3.300000 3.333333 3.366667 3.400000 3.433333 3.466667 3.500000 3.533333 3.566667 3.600000 3.633333 3.666667 3.700000
3.733333 3.766667 3.800000 3.833333 3.866667 3.900000 3.933333 3.966667 4.000000 4.033333 4.066667 4.100000 4.133333 4.166667 4.200000 4.233333
4.266667</float_array>
        <technique_common>
          <accessor source="#mixamorig_Hips-Matrix-animation-input-array" count="129">
            <param name="TIME" type="float"/>
          </accessor>
        </technique_common>
      </source>
      <source id="mixamorig_Hips-Matrix-animation-output-transform">
        <float_array id="mixamorig_Hips-Matrix-animation-output-transform-array" count="2064">

0.985701 -0.025312 -0.166591 -0.498937 0.035408 0.997694 0.057911 93.290298 0.164741 -0.062982 0.984324 0.740867 0.000000 0.000000 0.000000 1.000000
0.986770 -0.026834 -0.159889 -0.627411 0.036912 0.997492 0.060399 93.274139 0.157868 -0.065502 0.985285 0.750845 0.000000 0.000000 0.000000 1.000000
0.987815 -0.028337 -0.153028 -0.746220 0.038343 0.997287 0.062836 93.259651 0.150833 -0.067938 0.986222 0.808279 0.000000 0.000000 0.000000 1.000000
0.988715 -0.029837 -0.146804 -0.859085 0.039777 0.997076 0.065243 93.248520 0.144428 -0.070346 0.987012 0.918104 0.000000 0.000000 0.000000 1.000000
0.989354 -0.031306 -0.142123 -0.969606 0.041263 0.996855 0.067662 93.241570 0.139558 -0.072806 0.987534 1.082814 0.000000 0.000000 0.000000 1.000000
0.989673 -0.032701 -0.139563 -1.030987 0.042792 0.996634 0.069931 93.238304 0.136806 -0.075181 0.987741 1.293611 0.000000 0.000000 0.000000 1.000000
0.989721 -0.033910 -0.138931 -1.034932 0.044180 0.996461 0.071516 93.237045 0.136014 -0.076918 0.987716 1.538048 0.000000 0.000000 0.000000 1.000000
0.989608 -0.035034 -0.139456 -0.984424 0.045397 0.996383 0.071837 93.240173 0.136434 -0.077421 0.987619 1.803714 0.000000 0.000000 0.000000 1.000000
0.989437 -0.035967 -0.140431 -0.888355 0.046272 0.996416 0.070813 93.245209 0.137381 -0.076563 0.987555 2.083129 0.000000 0.000000 0.000000 1.000000
0.989235 -0.036575 -0.141694 -0.754711 0.046701 0.996536 0.068809 93.248772 0.138686 -0.074686 0.987516 2.373843 0.000000 0.000000 0.000000 1.000000
0.988967 -0.036872 -0.143471 -0.588295 0.046755 0.996715 0.066134 93.249855 0.140561 -0.072112 0.987442 2.679349 0.000000 0.000000 0.000000 1.000000
0.988599 -0.037013 -0.145952 -0.392219 0.046597 0.996938 0.062800 93.249542 0.143181 -0.068885 0.987296 3.007265 0.000000 0.000000 0.000000 1.000000
0.988132 -0.037145 -0.149046 -0.169213 0.046345 0.997197 0.058737 93.249466 0.146446 -0.064947 0.987084 3.364261 0.000000 0.000000 0.000000 1.000000
0.987606 -0.037324 -0.152449 0.077936 0.046026 0.997482 0.053954 93.250931 0.150052 -0.060302 0.986837 3.752118 0.000000 0.000000 0.000000 1.000000
0.987070 -0.037545 -0.155829 0.347378 0.045581 0.997791 0.048317 93.253807 0.153671 -0.054796 0.986602 4.168572 0.000000 0.000000 0.000000 1.000000
0.986555 -0.037785 -0.159000 0.638672 0.044996 0.998104 0.042001 93.258057 0.157112 -0.048591 0.986385 4.606921 0.000000 0.000000 0.000000 1.000000
0.986053 -0.038043 -0.162025 0.952611 0.044316 0.998394 0.035279 93.263214 0.160423 -0.041968 0.986156 5.060991 0.000000 0.000000 0.000000 1.000000
0.985523 -0.038324 -0.165154 1.290304 0.043619 0.998640 0.028553 93.268700 0.163835 -0.035343 0.985854 5.527400 0.000000 0.000000 0.000000 1.000000
0.984923 -0.038702 -0.168611 1.652080 0.043059 0.998825 0.022255 93.274162 0.167552 -0.029179 0.985431 6.004978 0.000000 0.000000 0.000000 1.000000
0.984241 -0.039341 -0.172401 2.036433 0.042849 0.998942 0.016674 93.278931 0.171562 -0.023799 0.984886 6.491775 0.000000 0.000000 0.000000 1.000000
0.983504 -0.040366 -0.176326 2.440010 0.043113 0.999001 0.011773 93.281647 0.175675 -0.019181 0.984261 6.982488 0.000000 0.000000 0.000000 1.000000
0.982746 -0.041707 -0.180195 2.858109 0.043712 0.999018 0.007166 93.280365 0.179719 -0.014919 0.983605 7.468566 0.000000 0.000000 0.000000 1.000000
0.981989 -0.043109 -0.183954 3.284817 0.044300 0.999015 0.002367 93.273636 0.183671 -0.010473 0.982932 7.940287 0.000000 0.000000 0.000000 1.000000
0.981249 -0.044316 -0.187580 3.713632 0.044573 0.999002 -0.002854 93.260452 0.187519 -0.005560 0.982245 8.388969 0.000000 0.000000 0.000000 1.000000
0.980584 -0.045232 -0.190810 4.139506 0.044458 0.998976 -0.008333 93.239113 0.190991 -0.000312 0.981592 8.808121 0.000000 0.000000 0.000000 1.000000
0.980112 -0.045972 -0.193046 4.560725 0.044157 0.998931 -0.013696 93.208916 0.193469 0.004899 0.981094 9.193880 0.000000 0.000000 0.000000 1.000000
0.979933 -0.046831 -0.193748 4.976874 0.044048 0.998855 -0.018647 93.172508 0.194400 0.009738 0.980874 9.545755 0.000000 0.000000 0.000000 1.000000
0.979990 -0.048106 -0.193148 5.383587 0.044478 0.998744 -0.023077 93.136703 0.194016 0.014024 0.980898 9.867560 0.000000 0.000000 0.000000 1.000000
0.980014 -0.049864 -0.192579 5.770504 0.045510 0.998600 -0.026965 93.108917 0.193654 0.017662 0.980911 10.165871 0.000000 0.000000 0.000000 1.000000
0.979661 -0.051880 -0.193839 6.125191 0.046885 0.998441 -0.030273 93.093124 0.195108 0.020569 0.980566 10.444883 0.000000 0.000000 0.000000 1.000000
0.978737 -0.053808 -0.197934 6.440792 0.048215 0.998293 -0.032973 93.089493 0.199371 0.022729 0.979661 10.701657 0.000000 0.000000 0.000000 1.000000
0.977334 -0.055334 -0.204346 6.718858 0.049163 0.998172 -0.035161 93.095566 0.205918 0.024318 0.978267 10.926791 0.000000 0.000000 0.000000 1.000000
0.975768 -0.056207 -0.211467 6.964569 0.049448 0.998087 -0.037122 93.108482 0.213149 0.025766 0.976680 11.109259 0.000000 0.000000 0.000000 1.000000
0.974385 -0.056199 -0.217752 7.178898 0.048794 0.998038 -0.039239 93.125267 0.219529 0.027609 0.975215 11.240245 0.000000 0.000000 0.000000 1.000000
0.973357 -0.055081 -0.222582 7.355414 0.046927 0.998025 -0.041762 93.146652 0.224443 0.030204 0.974019 11.313232 0.000000 0.000000 0.000000 1.000000
0.972622 -0.052684 -0.226340 7.483908 0.043685 0.998050 -0.044590 93.175102 0.228248 0.033481 0.973027 11.321157 0.000000 0.000000 0.000000 1.000000
0.971991 -0.049046 -0.229844 7.555139 0.039182 0.998112 -0.047290 93.212372 0.231730 0.036960 0.972078 11.254578 0.000000 0.000000 0.000000 1.000000
0.971297 -0.044564 -0.233659 7.562376 0.033902 0.998201 -0.049454 93.256561 0.235443 0.040113 0.971060 11.103883 0.000000 0.000000 0.000000 1.000000
0.970511 -0.039907 -0.237731 7.500906 0.028530 0.998285 -0.051109 93.303207 0.239363 0.042819 0.969985 10.865606 0.000000 0.000000 0.000000 1.000000
0.969718 -0.035921 -0.241572 7.367223 0.023848 0.998325 -0.052718 93.346367 0.243061 0.045361 0.968950 10.546690 0.000000 0.000000 0.000000 1.000000
0.969007 -0.033388 -0.244767 7.160932 0.020597 0.998294 -0.054634 93.382744 0.246174 0.047899 0.968041 10.162914 0.000000 0.000000 0.000000 1.000000
0.968384 -0.032694 -0.247314 6.887500 0.019266 0.998215 -0.056525 93.413025 0.248720 0.049973 0.967285 9.731864 0.000000 0.000000 0.000000 1.000000
0.967804 -0.033528 -0.249460 6.559434 0.019776 0.998154 -0.057430 93.438904 0.250925 0.050648 0.966681 9.266155 0.000000 0.000000 0.000000 1.000000
0.967291 -0.034951 -0.251248 6.192885 0.021411 0.998177 -0.056424 93.460732 0.252762 0.049199 0.966277 8.772181 0.000000 0.000000 0.000000 1.000000
0.966992 -0.035911 -0.252263 5.801336 0.023191 0.998314 -0.053215 93.478821 0.253749 0.045608 0.966194 8.253952 0.000000 0.000000 0.000000 1.000000
0.967099 -0.035757 -0.251873 5.391768 0.024372 0.998541 -0.048175 93.494736 0.253228 0.040452 0.966560 7.717556 0.000000 0.000000 0.000000 1.000000
0.967700 -0.034426 -0.249743 4.965979 0.024715 0.998815 -0.041917 93.510368 0.250890 0.034390 0.967404 7.171184 0.000000 0.000000 0.000000 1.000000
0.968690 -0.032285 -0.246163 4.524696 0.024427 0.999092 -0.034912 93.526245 0.247067 0.027806 0.968599 6.620799 0.000000 0.000000 0.000000 1.000000
0.969832 -0.029812 -0.241946 4.070231 0.023861 0.999337 -0.027491 93.540245 0.242605 0.020888 0.969900 6.066924 0.000000 0.000000 0.000000 1.000000
0.970896 -0.027323 -0.237939 3.606119 0.023214 0.999529 -0.020055 93.546738 0.238375 0.013948 0.971073 5.507537 0.000000 0.000000 0.000000 1.000000
0.971792 -0.024930 -0.234519 3.135609 0.022481 0.999661 -0.013110 93.540581 0.234766 0.007468 0.972023 4.945688 0.000000 0.000000 0.000000 1.000000
0.972591 -0.022719 -0.231410 2.661268 0.021695 0.999740 -0.006966 93.522491 0.231508 0.001754 0.972831 4.394667 0.000000 0.000000 0.000000 1.000000
0.973443 -0.020883 -0.227977 2.186363 0.021108 0.999776 -0.001452 93.499725 0.227956 -0.003399 0.973665 3.874994 0.000000 0.000000 0.000000 1.000000
0.974448 -0.019664 -0.223753 1.716745 0.021080 0.999770 0.003942 93.480026 0.223624 -0.008558 0.974638 3.404616 0.000000 0.000000 0.000000 1.000000
0.975585 -0.019202 -0.218783 1.259988 0.021831 0.999716 0.009605 93.466789 0.218536 -0.014147 0.975726 2.990484 0.000000 0.000000 0.000000 1.000000
0.976747 -0.019468 -0.213510 0.822570 0.023306 0.999609 0.015475 93.458176 0.213125 -0.020091 0.976818 2.628695 0.000000 0.000000 0.000000 1.000000
0.977836 -0.020291 -0.208387 0.408414 0.025245 0.999458 0.021139 93.449234 0.207845 -0.025931 0.977818 2.312395 0.000000 0.000000 0.000000 1.000000
0.978815 -0.021423 -0.203623 0.020274 0.027318 0.999284 0.026187 93.435898 0.202916 -0.031195 0.978699 2.039621 0.000000 0.000000 0.000000 1.000000
0.979687 -0.022682 -0.199247 -0.338015 0.029327 0.999106 0.030464 93.416618 0.198378 -0.035688 0.979476 1.813990 0.000000 0.000000 0.000000 1.000000
0.980450 -0.023999 -0.195298 -0.660697 0.031235 0.998932 0.034052 93.393761 0.194273 -0.039486 0.980153 1.640099 0.000000 0.000000 0.000000 1.000000
0.981090 -0.025379 -0.191881 -0.942027 0.033092 0.998764 0.037098 93.371925 0.190702 -0.042746 0.980717 1.518596 0.000000 0.000000 0.000000 1.000000
0.981604 -0.026833 -0.189035 -1.178953 0.034935 0.998602 0.039660 93.352905 0.187706 -0.045534 0.981169 1.444882 0.000000 0.000000 0.000000 1.000000
0.982023 -0.028332 -0.186625 -1.372270 0.036739 0.998453 0.041743 93.336433 0.185154 -0.047849 0.981544 1.412124 0.000000 0.000000 0.000000 1.000000
0.982405 -0.029799 -0.184373 -1.525161 0.038441 0.998315 0.043475 93.319664 0.182766 -0.049798 0.981894 1.416502 0.000000 0.000000 0.000000 1.000000
0.982802 -0.031121 -0.182021 -1.640736 0.039974 0.998179 0.045173 93.301094 0.180284 -0.051672 0.982256 1.460128 0.000000 0.000000 0.000000 1.000000
0.983233 -0.032185 -0.179489 -1.720534 0.041273 0.998036 0.047132 93.280914 0.177619 -0.053750 0.982630 1.548671 0.000000 0.000000 0.000000 1.000000
0.983671 -0.032899 -0.176941 -1.764317 0.042245 0.997889 0.049317 93.261490 0.174945 -0.055987 0.982985 1.685208 0.000000 0.000000 0.000000 1.000000
0.984052 -0.033218 -0.174753 -1.770975 0.042794 0.997765 0.051313 93.246765 0.172658 -0.057973 0.983274 1.866166 0.000000 0.000000 0.000000 1.000000
0.984303 -0.033194 -0.173336 -1.740236 0.042917 0.997690 0.052650 93.239502 0.171188 -0.059263 0.983454 2.083458 0.000000 0.000000 0.000000 1.000000
0.984390 -0.033005 -0.172879 -1.673942 0.042785 0.997670 0.053150 93.238838 0.170721 -0.059717 0.983508 2.330684 0.000000 0.000000 0.000000 1.000000
0.984341 -0.032903 -0.173178 -1.575317 0.042670 0.997684 0.052979 93.241348 0.171034 -0.059539 0.983465 2.606960 0.000000 0.000000 0.000000 1.000000
0.984234 -0.033080 -0.173749 -1.446702 0.042790 0.997707 0.052439 93.243515 0.171616 -0.059047 0.983393 2.914676 0.000000 0.000000 0.000000 1.000000
0.984146 -0.033565 -0.174155 -1.287385 0.043191 0.997724 0.051779 93.243454 0.172021 -0.058480 0.983356 3.254108 0.000000 0.000000 0.000000 1.000000
0.984102 -0.034221 -0.174278 -1.094075 0.043751 0.997733 0.051138 93.240555 0.172133 -0.057950 0.983368 3.620445 0.000000 0.000000 0.000000 1.000000
0.984075 -0.034841 -0.174304 -0.863982 0.044276 0.997740 0.050537 93.235092 0.172150 -0.057450 0.983394 4.005764 0.000000 0.000000 0.000000 1.000000
0.984030 -0.035281 -0.174471 -0.598099 0.044618 0.997758 0.049883 93.228188 0.172320 -0.056870 0.983398 4.403547 0.000000 0.000000 0.000000 1.000000
0.983960 -0.035553 -0.174812 -0.301461 0.044763 0.997794 0.049025 93.221115 0.172684 -0.056063 0.983381 4.811346 0.000000 0.000000 0.000000 1.000000
0.983899 -0.035774 -0.175107 0.019210 0.044801 0.997848 0.047870 93.214684 0.173018 -0.054944 0.983385 5.229643 0.000000 0.000000 0.000000 1.000000
0.983906 -0.035993 -0.175024 0.359467 0.044770 0.997916 0.046459 93.207848 0.172988 -0.053548 0.983467 5.658236 0.000000 0.000000 0.000000 1.000000
0.984021 -0.036100 -0.174353 0.718974 0.044571 0.997996 0.044917 93.197334 0.172382 -0.051970 0.983658 6.093431 0.000000 0.000000 0.000000 1.000000
0.984242 -0.035913 -0.173143 1.100135 0.044031 0.998092 0.043276 93.179268 0.171259 -0.050217 0.983945 6.528503 0.000000 0.000000 0.000000 1.000000
0.984517 -0.035387 -0.171679 1.503465 0.043088 0.998216 0.041341 93.151878 0.169910 -0.048098 0.984285 6.956959 0.000000 0.000000 0.000000 1.000000
0.984778 -0.034741 -0.170311 1.923945 0.041924 0.998369 0.038758 93.116974 0.168687 -0.045308 0.984628 7.375833 0.000000 0.000000 0.000000 1.000000
0.984964 -0.034353 -0.169309 2.351842 0.040890 0.998541 0.035272 93.079437 0.167850 -0.041665 0.984932 7.786267 0.000000 0.000000 0.000000 1.000000
0.985044 -0.034475 -0.168820 2.777974 0.040256 0.998710 0.030943 93.044647 0.167535 -0.037276 0.985161 8.190621 0.000000 0.000000 0.000000 1.000000
0.985010 -0.035026 -0.168902 3.198605 0.039999 0.998858 0.026126 93.015602 0.167794 -0.032491 0.985286 8.587962 0.000000 0.000000 0.000000 1.000000
0.984878 -0.035633 -0.169546 3.615710 0.039802 0.998981 0.021255 92.990379 0.168616 -0.027682 0.985293 8.971881 0.000000 0.000000 0.000000 1.000000
0.984679 -0.035868 -0.170650 4.032815 0.039271 0.999091 0.016607 92.962440 0.169899 -0.023054 0.985192 9.333093 0.000000 0.000000 0.000000 1.000000
0.984459 -0.035501 -0.171991 4.450936 0.038171 0.999196 0.012238 92.924408 0.171418 -0.018613 0.985023 9.664968 0.000000 0.000000 0.000000 1.000000
0.984276 -0.034577 -0.173218 4.867678 0.036526 0.999300 0.008078 92.872559 0.172817 -0.014278 0.984850 9.967299 0.000000 0.000000 0.000000 1.000000
0.984208 -0.033283 -0.173861 5.279391 0.034512 0.999396 0.004046 92.809097 0.173622 -0.009982 0.984762 10.244803 0.000000 0.000000 0.000000 1.000000
0.984330 -0.031791 -0.173444 5.682819 0.032294 0.999478 0.000081 92.739578 0.173351 -0.005681 0.984844 10.501464 0.000000 0.000000 0.000000 1.000000
0.984668 -0.030206 -0.171807 6.074841 0.029988 0.999543 -0.003862 92.671860 0.171845 -0.001350 0.985123 10.735799 0.000000 0.000000 0.000000 1.000000
0.985129 -0.028593 -0.169421 6.452014 0.027681 0.999587 -0.007743 92.615059 0.169572 0.002939 0.985513 10.941693 0.000000 0.000000 0.000000 1.000000
0.985534 -0.027017 -0.167313 6.810089 0.025466 0.999611 -0.011409 92.578064 0.167556 0.006983 0.985838 11.112940 0.000000 0.000000 0.000000 1.000000
0.985724 -0.025499 -0.166428 7.144423 0.023367 0.999618 -0.014761 92.563583 0.166741 0.010661 0.985943 11.246074 0.000000 0.000000 0.000000 1.000000
0.985668 -0.023930 -0.166991 7.450529 0.021217 0.999613 -0.018011 92.563683 0.167357 0.014210 0.985794 11.338761 0.000000 0.000000 0.000000 1.000000
0.985445 -0.022129 -0.168550 7.723658 0.018749 0.999590 -0.021618 92.564796 0.168959 0.018144 0.985456 11.386622 0.000000 0.000000 0.000000 1.000000
0.985111 -0.020116 -0.170740 7.956831 0.015946 0.999541 -0.025765 92.559578 0.171180 0.022659 0.984979 11.382533 0.000000 0.000000 0.000000 1.000000
0.984583 -0.018238 -0.173966 8.139766 0.013253 0.999469 -0.029777 92.556091 0.174416 0.027012 0.984301 11.320315 0.000000 0.000000 0.000000 1.000000
0.983653 -0.016891 -0.179283 8.261676 0.011304 0.999420 -0.032137 92.573837 0.179722 0.029585 0.983272 11.199030 0.000000 0.000000 0.000000 1.000000
0.982128 -0.016075 -0.187529 8.315326 0.010375 0.999455 -0.031334 92.628387 0.187931 0.028828 0.981759 11.022524 0.000000 0.000000 0.000000 1.000000
0.979993 -0.015318 -0.198443 8.298125 0.010151 0.999583 -0.027025 92.717621 0.198775 0.024470 0.979740 10.793558 0.000000 0.000000 0.000000 1.000000
0.977489 -0.014119 -0.210515 8.209534 0.010013 0.999738 -0.020561 92.822876 0.210751 0.017990 0.977374 10.508410 0.000000 0.000000 0.000000 1.000000
0.975043 -0.012447 -0.221667 8.050042 0.009515 0.999853 -0.014288 92.923271 0.221812 0.011823 0.975018 10.158687 0.000000 0.000000 0.000000 1.000000
0.973070 -0.010792 -0.230258 7.823477 0.008701 0.999911 -0.010098 93.009293 0.230346 0.007822 0.973077 9.738033 0.000000 0.000000 0.000000 1.000000
0.971767 -0.009776 -0.235740 7.539450 0.008032 0.999933 -0.008355 93.080696 0.235806 0.006226 0.971780 9.247123 0.000000 0.000000 0.000000 1.000000
0.971063 -0.009693 -0.238625 7.210983 0.008014 0.999936 -0.008006 93.140274 0.238687 0.005862 0.971079 8.694075 0.000000 0.000000 0.000000 1.000000
0.970721 -0.010378 -0.239985 6.848253 0.008823 0.999933 -0.007556 93.190231 0.240047 0.005217 0.970747 8.092546 0.000000 0.000000 0.000000 1.000000
0.970495 -0.011386 -0.240851 6.454520 0.010242 0.999930 -0.006001 93.231422 0.240902 0.003357 0.970544 7.460114 0.000000 0.000000 0.000000 1.000000
0.970263 -0.012298 -0.241741 6.029264 0.011900 0.999924 -0.003109 93.264862 0.241761 0.000140 0.970336 6.816399 0.000000 0.000000 0.000000 1.000000
0.970068 -0.012924 -0.242488 5.574738 0.013528 0.999908 0.000828 93.293190 0.242455 -0.004084 0.970154 6.179781 0.000000 0.000000 0.000000 1.000000
0.970059 -0.013263 -0.242508 5.098741 0.015011 0.999873 0.005363 93.321747 0.242406 -0.008842 0.970135 5.564208 0.000000 0.000000 0.000000 1.000000
0.970342 -0.013325 -0.241370 4.611716 0.016247 0.999817 0.010123 93.352943 0.241191 -0.013744 0.970380 4.978754 0.000000 0.000000 0.000000 1.000000
0.970873 -0.013055 -0.239240 4.122342 0.017107 0.999743 0.014868 93.385986 0.238984 -0.018528 0.970847 4.428981 0.000000 0.000000 0.000000 1.000000
0.971479 -0.012435 -0.236800 3.636149 0.017528 0.999658 0.019416 93.413712 0.236478 -0.023012 0.971364 3.918191 0.000000 0.000000 0.000000 1.000000
0.971994 -0.011588 -0.234721 3.157158 0.017581 0.999570 0.023458 93.429230 0.234348 -0.026928 0.971780 3.448531 0.000000 0.000000 0.000000 1.000000
0.972383 -0.010786 -0.233140 2.690746 0.017584 0.999478 0.027098 93.431152 0.232726 -0.030450 0.972065 3.018200 0.000000 0.000000 0.000000 1.000000
0.972751 -0.010352 -0.231620 2.244357 0.017885 0.999376 0.030447 93.429840 0.231161 -0.033760 0.972330 2.625794 0.000000 0.000000 0.000000 1.000000
0.973237 -0.010521 -0.229562 1.825592 0.018730 0.999260 0.033609 93.426422 0.229039 -0.037009 0.972713 2.272660 0.000000 0.000000 0.000000 1.000000
0.973917 -0.011370 -0.226621 1.438014 0.020180 0.999126 0.036598 93.419899 0.226007 -0.040216 0.973295 1.962929 0.000000 0.000000 0.000000 1.000000
0.974804 -0.012870 -0.222691 1.078473 0.022190 0.998977 0.039400 93.408279 0.221957 -0.043348 0.974093 1.698517 0.000000 0.000000 0.000000 1.000000
0.975928 -0.014939 -0.217581 0.739397 0.024661 0.998812 0.042035 93.391624 0.216694 -0.046389 0.975137 1.473965 0.000000 0.000000 0.000000 1.000000
0.977358 -0.016873 -0.210918 0.418892 0.026882 0.998640 0.044678 93.373497 0.209877 -0.049337 0.976482 1.279002 0.000000 0.000000 0.000000 1.000000
0.979085 -0.018696 -0.202590 0.163966 0.028865 0.998461 0.047355 93.355957 0.201392 -0.052212 0.978118 1.107037 0.000000 0.000000 0.000000 1.000000
0.980961 -0.020392 -0.193133 -0.030290 0.030605 0.998278 0.050044 93.339676 0.191780 -0.055002 0.979895 0.962570 0.000000 0.000000 0.000000 1.000000
0.982769 -0.022057 -0.183515 -0.203408 0.032244 0.998089 0.052712 93.323212 0.182001 -0.057721 0.981603 0.853130 0.000000 0.000000 0.000000 1.000000
0.984372 -0.023708 -0.174498 -0.358584 0.033844 0.997894 0.055340 93.306458 0.172818 -0.060381 0.983101 0.779598 0.000000 0.000000 0.000000 1.000000
0.985701 -0.025312 -0.166591 -0.498936 0.035407 0.997694 0.057911 93.290314 0.164741 -0.062982 0.984324 0.740865 0.000000 0.000000 0.000000 1.000000</float_array>
        <technique_common>
          <accessor source="#mixamorig_Hips-Matrix-animation-output-transform-array" count="129" stride="16">
            <param type="float4x4"/>
          </accessor>
        </technique_common>
      </source>
      <source id="mixamorig_Hips-Interpolations">
        <Name_array id="mixamorig_Hips-Interpolations-array" count="129">
 LINEAR LINEAR LINEAR LINEAR LINEAR LINEAR LINEAR LINEAR LINEAR LINEAR LINEAR
LINEAR LINEAR LINEAR LINEAR LINEAR LINEAR LINEAR LINEAR LINEAR LINEAR LINEAR LINEAR
LINEAR LINEAR LINEAR LINEAR LINEAR LINEAR LINEAR LINEAR LINEAR LINEAR LINEAR LINEAR
LINEAR LINEAR LINEAR LINEAR LINEAR LINEAR LINEAR LINEAR LINEAR LINEAR LINEAR LINEAR
LINEAR LINEAR LINEAR LINEAR LINEAR LINEAR LINEAR LINEAR LINEAR LINEAR LINEAR LINEAR
LINEAR LINEAR LINEAR LINEAR LINEAR LINEAR LINEAR LINEAR LINEAR LINEAR LINEAR LINEAR
LINEAR LINEAR LINEAR LINEAR LINEAR LINEAR LINEAR LINEAR LINEAR LINEAR LINEAR LINEAR
LINEAR LINEAR LINEAR LINEAR LINEAR LINEAR LINEAR LINEAR LINEAR LINEAR LINEAR LINEAR
LINEAR LINEAR LINEAR LINEAR LINEAR LINEAR LINEAR LINEAR LINEAR LINEAR LINEAR LINEAR
LINEAR LINEAR LINEAR LINEAR LINEAR LINEAR LINEAR LINEAR LINEAR LINEAR LINEAR LINEAR
LINEAR LINEAR LINEAR LINEAR LINEAR LINEAR LINEAR LINEAR LINEAR LINEAR</Name_array>
        <technique_common>
          <accessor source="#mixamorig_Hips-Interpolations-array" count="129">
            <param type="name"/>
          </accessor>
        </technique_common>
      </source>
      <sampler id="mixamorig_Hips-Matrix-animation-transform">
        <input semantic="INPUT" source="#mixamorig_Hips-Matrix-animation-input"/>
        <input semantic="OUTPUT" source="#mixamorig_Hips-Matrix-animation-output-transform"/>
        <input semantic="INTERPOLATION" source="#mixamorig_Hips-Interpolations"/>
      </sampler>
      <channel source="#mixamorig_Hips-Matrix-animation-transform" target="mixamorig_Hips/matrix"/>
    </animation>
    <animation id="mixamorig_Spine-anim" name="mixamorig_Spine">
      <source id="mixamorig_Spine-Matrix-animation-input">
        <float_array id="mixamorig_Spine-Matrix-animation-input-array" count="129">

0.000000 0.033333 0.066667 0.100000 0.133333 0.166667 0.200000 0.233333 0.266667 0.300000 0.333333 0.366667 0.400000 0.433333 0.466667 0.500000
0.533333 0.566667 0.600000 0.633333 0.666667 0.700000 0.733333 0.766667 0.800000 0.833333 0.866667 0.900000 0.933333 0.966667 1.000000 1.033333
1.066667 1.100000 1.133333 1.166667 1.200000 1.233333 1.266667 1.300000 1.333333 1.366667 1.400000 1.433333 1.466667 1.500000 1.533333 1.566667
1.600000 1.633333 1.666667 1.700000 1.733333 1.766667 1.800000 1.833333 1.866667 1.900000 1.933333 1.966667 2.000000 2.033333 2.066667 2.100000
2.133333 2.166667 2.200000 2.233333 2.266667 2.300000 2.333333 2.366667 2.400000 2.433333 2.466667 2.500000 2.533333 2.566667 2.600000 2.633333
2.666667 2.700000 2.733333 2.766667 2.800000 2.833333 2.866667 2.900000 2.933333 2.966667 3.000000 3.033333 3.066667 3.100000 3.133333 3.166667
3.200000 3.233333 3.266667 3.300000 3.333333 3.366667 3.400000 3.433333 3.466667 3.500000 3.533333 3.566667 3.600000 3.633333 3.666667 3.700000
3.733333 3.766667 3.800000 3.833333 3.866667 3.900000 3.933333 3.966667 4.000000 4.033333 4.066667 4.100000 4.133333 4.166667 4.200000 4.233333
4.266667</float_array>
        <technique_common>
          <accessor source="#mixamorig_Spine-Matrix-animation-input-array" count="129">
            <param name="TIME" type="float"/>
          </accessor>
        </technique_common>
      </source>
      <source id="mixamorig_Spine-Matrix-animation-output-transform">
        <float_array id="mixamorig_Spine-Matrix-animation-output-transform-array" count="2064">

0.999760 0.016010 -0.014957 0.000000 -0.014681 0.996263 0.085118 10.369300 0.016264 -0.084878 0.996259 -1.024300 0.000000 0.000000 0.000000 1.000000
0.999754 0.014739 -0.016552 0.000000 -0.013253 0.996160 0.086545 10.369300 0.017764 -0.086305 0.996110 -1.024300 0.000000 0.000000 0.000000 1.000000
0.999744 0.013413 -0.018199 0.000000 -0.011765 0.996066 0.087830 10.369300 0.019305 -0.087593 0.995969 -1.024300 0.000000 0.000000 0.000000 1.000000
0.999736 0.011956 -0.019620 0.000000 -0.010160 0.995961 0.089210 10.369300 0.020608 -0.088987 0.995820 -1.024300 0.000000 0.000000 0.000000 1.000000
0.999738 0.010654 -0.020261 0.000000 -0.008770 0.995824 0.090872 10.369300 0.021145 -0.090670 0.995656 -1.024300 0.000000 0.000000 0.000000 1.000000
0.999756 0.009901 -0.019766 -0.000000 -0.008024 0.995644 0.092886 10.369300 0.020599 -0.092705 0.995481 -1.024300 0.000000 0.000000 0.000000 1.000000
0.999784 0.009776 -0.018324 0.000000 -0.007990 0.995431 0.095150 10.369300 0.019170 -0.094983 0.995294 -1.024300 0.000000 0.000000 0.000000 1.000000
0.999812 0.010190 -0.016490 -0.000000 -0.008537 0.995206 0.097425 10.369300 0.017403 -0.097266 0.995106 -1.024300 0.000000 0.000000 0.000000 1.000000
0.999832 0.010719 -0.014844 0.000000 -0.009191 0.995001 0.099437 10.369300 0.015836 -0.099284 0.994933 -1.024300 0.000000 0.000000 0.000000 1.000000
0.999846 0.010990 -0.013683 -0.000000 -0.009553 0.994841 0.101000 10.369300 0.014722 -0.100854 0.994792 -1.024300 0.000000 0.000000 0.000000 1.000000
0.999856 0.010898 -0.013005 0.000000 -0.009514 0.994729 0.102100 10.369300 0.014049 -0.101961 0.994689 -1.024300 0.000000 0.000000 0.000000 1.000000
0.999864 0.010596 -0.012637 -0.000000 -0.009241 0.994652 0.102869 10.369300 0.013660 -0.102738 0.994615 -1.024300 0.000000 0.000000 0.000000 1.000000
0.999871 0.010344 -0.012324 0.000000 -0.009014 0.994588 0.103502 10.369300 0.013328 -0.103378 0.994553 -1.024300 0.000000 0.000000 0.000000 1.000000
0.999877 0.010379 -0.011785 0.000000 -0.009096 0.994520 0.104152 10.369300 0.012801 -0.104032 0.994492 -1.024300 0.000000 0.000000 0.000000 1.000000
0.999883 0.010869 -0.010802 0.000000 -0.009677 0.994438 0.104876 10.369300 0.011882 -0.104759 0.994427 -1.024300 0.000000 0.000000 0.000000 1.000000
0.999886 0.011888 -0.009338 0.000000 -0.010835 0.994346 0.105635 10.369300 0.010541 -0.105521 0.994361 -1.024300 0.000000 0.000000 0.000000 1.000000
0.999882 0.013345 -0.007566 0.000000 -0.012465 0.994253 0.106325 10.369300 0.008941 -0.106218 0.994303 -1.024300 0.000000 0.000000 0.000000 1.000000
0.999871 0.014983 -0.005756 0.000000 -0.014283 0.994179 0.106791 10.369300 0.007323 -0.106695 0.994265 -1.024300 0.000000 0.000000 0.000000 1.000000
0.999855 0.016547 -0.004098 -0.000000 -0.016014 0.994145 0.106859 10.369300 0.005842 -0.106777 0.994266 -1.024300 0.000000 0.000000 0.000000 1.000000
0.999835 0.017975 -0.002612 0.000000 -0.017595 0.994168 0.106393 10.369300 0.004509 -0.106329 0.994321 -1.024300 0.000000 0.000000 0.000000 1.000000
0.999811 0.019393 -0.001192 0.000000 -0.019160 0.994246 0.105398 10.369300 0.003229 -0.105355 0.994429 -1.024300 0.000000 0.000000 0.000000 1.000000
0.999781 0.020916 0.000277 0.000000 -0.020831 0.994355 0.104043 10.369300 0.001901 -0.104026 0.994573 -1.024300 0.000000 0.000000 0.000000 1.000000
0.999745 0.022519 0.001806 -0.000000 -0.022586 0.994469 0.102571 10.369300 0.000514 -0.102586 0.994724 -1.024300 0.000000 0.000000 0.000000 1.000000
0.999705 0.024088 0.003230 0.000000 -0.024291 0.994575 0.101144 10.369300 -0.000776 -0.101193 0.994867 -1.024300 0.000000 0.000000 0.000000 1.000000
0.999665 0.025520 0.004197 0.000000 -0.025812 0.994676 0.099765 10.369300 -0.001629 -0.099840 0.995002 -1.024300 0.000000 0.000000 0.000000 1.000000
0.999631 0.026822 0.004301 0.000000 -0.027115 0.994785 0.098327 10.369300 -0.001641 -0.098407 0.995145 -1.024300 0.000000 0.000000 0.000000 1.000000
0.999597 0.028194 0.003373 0.000000 -0.028388 0.994907 0.096719 10.369300 -0.000629 -0.096776 0.995306 -1.024300 0.000000 0.000000 0.000000 1.000000
0.999548 0.029998 0.001772 -0.000000 -0.030031 0.995036 0.094876 10.369300 0.001083 -0.094887 0.995487 -1.024300 0.000000 0.000000 0.000000 1.000000
0.999469 0.032576 0.000354 0.000000 -0.032468 0.995156 0.092787 10.369300 0.002670 -0.092749 0.995686 -1.024300 0.000000 0.000000 0.000000 1.000000
0.999351 0.036030 0.000022 -0.000000 -0.035885 0.995252 0.090480 10.369300 0.003238 -0.090422 0.995898 -1.024300 0.000000 0.000000 0.000000 1.000000
0.999193 0.040149 0.001136 0.000000 -0.040093 0.995311 0.088031 10.369300 0.002403 -0.088005 0.996117 -1.024300 0.000000 0.000000 0.000000 1.000000
0.999007 0.044444 0.003269 0.000000 -0.044561 0.995335 0.085575 10.369300 0.000550 -0.085636 0.996326 -1.024300 0.000000 0.000000 0.000000 1.000000
0.998817 0.048321 0.005520 0.000000 -0.048613 0.995338 0.083302 10.369300 -0.001469 -0.083472 0.996509 -1.024300 0.000000 0.000000 0.000000 1.000000
0.998658 0.051305 0.007119 -0.000000 -0.051715 0.995338 0.081411 10.369300 -0.002909 -0.081670 0.996655 -1.024300 0.000000 0.000000 0.000000 1.000000
0.998554 0.053190 0.007847 0.000000 -0.053648 0.995350 0.080000 10.369300 -0.003556 -0.080306 0.996764 -1.024300 0.000000 0.000000 0.000000 1.000000
0.998505 0.054069 0.008059 0.000000 -0.054538 0.995385 0.078958 10.369300 -0.003753 -0.079280 0.996845 -1.024300 0.000000 0.000000 0.000000 1.000000
0.998487 0.054336 0.008401 0.000000 -0.054827 0.995447 0.077966 10.369300 -0.004126 -0.078309 0.996921 -1.024300 0.000000 0.000000 0.000000 1.000000
0.998460 0.054662 0.009440 0.000000 -0.055227 0.995522 0.076714 10.369300 -0.005204 -0.077117 0.997008 -1.024300 0.000000 0.000000 0.000000 1.000000
0.998380 0.055743 0.011366 0.000000 -0.056442 0.995571 0.075186 10.369300 -0.007125 -0.075706 0.997105 -1.024300 0.000000 0.000000 0.000000 1.000000
0.998216 0.058050 0.013965 0.000000 -0.058925 0.995536 0.073731 10.369300 -0.009623 -0.074422 0.997180 -1.024300 0.000000 0.000000 0.000000 1.000000
0.997957 0.061629 0.016823 0.000000 -0.062696 0.995376 0.072771 10.369300 -0.012260 -0.073677 0.997207 -1.024300 0.000000 0.000000 0.000000 1.000000
0.997626 0.066027 0.019550 -0.000000 -0.067279 0.995102 0.072420 10.369300 -0.014673 -0.073563 0.997183 -1.024300 0.000000 0.000000 0.000000 1.000000
0.997281 0.070383 0.021825 0.000000 -0.071792 0.994790 0.072381 10.369300 -0.016617 -0.073751 0.997138 -1.024300 0.000000 0.000000 0.000000 1.000000
0.997005 0.073744 0.023317 0.000000 -0.075251 0.994547 0.072202 10.369300 -0.017866 -0.073740 0.997117 -1.024300 0.000000 0.000000 0.000000 1.000000
0.996866 0.075484 0.023693 0.000000 -0.077003 0.994456 0.071615 10.369300 -0.018155 -0.073215 0.997151 -1.024300 0.000000 0.000000 0.000000 1.000000
0.996886 0.075508 0.022738 0.000000 -0.076941 0.994530 0.070646 10.369300 -0.017279 -0.072175 0.997242 -1.024300 0.000000 0.000000 0.000000 1.000000
0.997036 0.074151 0.020523 -0.000000 -0.075409 0.994730 0.069472 10.369300 -0.015263 -0.070814 0.997373 -1.024300 0.000000 0.000000 0.000000 1.000000
0.997255 0.071957 0.017469 0.000000 -0.072989 0.994996 0.068226 10.369300 -0.012472 -0.069314 0.997517 -1.024300 0.000000 0.000000 0.000000 1.000000
0.997483 0.069469 0.014222 -0.000000 -0.070271 0.995278 0.066967 10.369300 -0.009503 -0.067798 0.997654 -1.024300 0.000000 0.000000 0.000000 1.000000
0.997686 0.067030 0.011364 0.000000 -0.067635 0.995538 0.065803 10.369300 -0.006903 -0.066419 0.997768 -1.024300 0.000000 0.000000 0.000000 1.000000
0.997863 0.064697 0.009123 0.000000 -0.065155 0.995759 0.064948 10.369300 -0.004882 -0.065404 0.997847 -1.024300 0.000000 0.000000 0.000000 1.000000
0.998027 0.062351 0.007315 0.000000 -0.062694 0.995941 0.064576 10.369300 -0.003259 -0.064908 0.997886 -1.024300 0.000000 0.000000 0.000000 1.000000
0.998191 0.059865 0.005563 -0.000000 -0.060099 0.996099 0.064609 10.369300 -0.001674 -0.064826 0.997895 -1.024300 0.000000 0.000000 0.000000 1.000000
0.998357 0.057189 0.003599 0.000000 -0.057302 0.996255 0.064748 10.369300 0.000118 -0.064848 0.997895 -1.024300 0.000000 0.000000 0.000000 1.000000
0.998520 0.054364 0.001413 -0.000000 -0.054341 0.996420 0.064756 10.369300 0.002112 -0.064737 0.997900 -1.024300 0.000000 0.000000 0.000000 1.000000
0.998673 0.051493 -0.000830 0.000000 -0.051332 0.996585 0.064683 10.369300 0.004158 -0.064555 0.997905 -1.024300 0.000000 0.000000 0.000000 1.000000
0.998809 0.048697 -0.002985 -0.000000 -0.048401 0.996724 0.064802 10.369300 0.006131 -0.064581 0.997894 -1.024300 0.000000 0.000000 0.000000 1.000000
0.998927 0.046042 -0.005033 0.000000 -0.045616 0.996819 0.065359 10.369300 0.008026 -0.065059 0.997849 -1.024300 0.000000 0.000000 0.000000 1.000000
0.999026 0.043572 -0.007016 -0.000000 -0.043011 0.996865 0.066409 10.369300 0.009887 -0.066043 0.997768 -1.024300 0.000000 0.000000 0.000000 1.000000
0.999108 0.041276 -0.008953 0.000000 -0.040576 0.996869 0.067859 10.369300 0.011726 -0.067435 0.997655 -1.024300 0.000000 0.000000 0.000000 1.000000
0.999179 0.039053 -0.010816 0.000000 -0.038209 0.996844 0.069586 10.369300 0.013500 -0.069116 0.997517 -1.024300 0.000000 0.000000 0.000000 1.000000
0.999246 0.036744 -0.012557 0.000000 -0.035756 0.996798 0.071522 10.369300 0.015145 -0.071019 0.997360 -1.024300 0.000000 0.000000 0.000000 1.000000
0.999313 0.034248 -0.014134 0.000000 -0.033119 0.996736 0.073619 10.369300 0.016609 -0.073100 0.997186 -1.024300 0.000000 0.000000 0.000000 1.000000
0.999380 0.031616 -0.015520 0.000000 -0.030354 0.996663 0.075767 10.369300 0.017864 -0.075249 0.997005 -1.024300 0.000000 0.000000 0.000000 1.000000
0.999438 0.029054 -0.016707 0.000000 -0.027671 0.996587 0.077776 10.369300 0.018909 -0.077270 0.996831 -1.024300 0.000000 0.000000 0.000000 1.000000
0.999484 0.026804 -0.017678 0.000000 -0.025319 0.996515 0.079478 10.369300 0.019746 -0.078989 0.996680 -1.024300 0.000000 0.000000 0.000000 1.000000
0.999518 0.025004 -0.018384 -0.000000 -0.023440 0.996451 0.080847 10.369300 0.020340 -0.080377 0.996557 -1.024300 0.000000 0.000000 0.000000 1.000000
0.999545 0.023609 -0.018754 -0.000000 -0.021995 0.996388 0.082013 10.369300 0.020622 -0.081564 0.996455 -1.024300 0.000000 0.000000 0.000000 1.000000
0.999572 0.022461 -0.018753 0.000000 -0.020829 0.996321 0.083128 10.369300 0.020551 -0.082702 0.996362 -1.024300 0.000000 0.000000 0.000000 1.000000
0.999600 0.021449 -0.018454 -0.000000 -0.019821 0.996246 0.084263 10.369300 0.020192 -0.083863 0.996273 -1.024300 0.000000 0.000000 0.000000 1.000000
0.999626 0.020601 -0.018010 0.000000 -0.018991 0.996165 0.085411 10.369300 0.019701 -0.085037 0.996183 -1.024300 0.000000 0.000000 0.000000 1.000000
0.999645 0.020037 -0.017569 0.000000 -0.018445 0.996078 0.086536 10.369300 0.019235 -0.086181 0.996094 -1.024300 0.000000 0.000000 0.000000 1.000000
0.999656 0.019797 -0.017194 0.000000 -0.018218 0.995992 0.087566 10.369300 0.018859 -0.087222 0.996010 -1.024300 0.000000 0.000000 0.000000 1.000000
0.999663 0.019765 -0.016853 0.000000 -0.018201 0.995920 0.088391 10.369300 0.018531 -0.088054 0.995943 -1.024300 0.000000 0.000000 0.000000 1.000000
0.999669 0.019774 -0.016473 0.000000 -0.018234 0.995872 0.088917 10.369300 0.018163 -0.088587 0.995903 -1.024300 0.000000 0.000000 0.000000 1.000000
0.999676 0.019797 -0.015984 -0.000000 -0.018296 0.995851 0.089144 10.369300 0.017683 -0.088823 0.995890 -1.024300 0.000000 0.000000 0.000000 1.000000
0.999682 0.019986 -0.015362 -0.000000 -0.018539 0.995844 0.089170 10.369300 0.017080 -0.088857 0.995898 -1.024300 0.000000 0.000000 0.000000 1.000000
0.999683 0.020485 -0.014635 -0.000000 -0.019102 0.995840 0.089093 10.369300 0.016400 -0.088785 0.995916 -1.024300 0.000000 0.000000 0.000000 1.000000
0.999678 0.021251 -0.013862 -0.000000 -0.019936 0.995840 0.088906 10.369300 0.015693 -0.088601 0.995944 -1.024300 0.000000 0.000000 0.000000 1.000000
0.999671 0.022089 -0.013064 0.000000 -0.020848 0.995858 0.088498 10.369300 0.014964 -0.088196 0.995991 -1.024300 0.000000 0.000000 0.000000 1.000000
0.999665 0.022838 -0.012188 0.000000 -0.021682 0.995905 0.087766 10.369300 0.014142 -0.087472 0.996067 -1.024300 0.000000 0.000000 0.000000 1.000000
0.999662 0.023492 -0.011125 0.000000 -0.022440 0.995977 0.086750 10.369300 0.013118 -0.086471 0.996168 -1.024300 0.000000 0.000000 0.000000 1.000000
0.999659 0.024200 -0.009769 0.000000 -0.023276 0.996054 0.085645 10.369300 0.011803 -0.085389 0.996278 -1.024300 0.000000 0.000000 0.000000 1.000000
0.999651 0.025170 -0.008070 0.000000 -0.024397 0.996111 0.084660 10.369300 0.010169 -0.084434 0.996377 -1.024300 0.000000 0.000000 0.000000 1.000000
0.999630 0.026531 -0.006053 0.000000 -0.025930 0.996140 0.083859 10.369300 0.008254 -0.083671 0.996459 -1.024300 0.000000 0.000000 0.000000 1.000000
0.999594 0.028221 -0.003819 0.000000 -0.027806 0.996152 0.083113 10.369300 0.006150 -0.082973 0.996533 -1.024300 0.000000 0.000000 0.000000 1.000000
0.999549 0.029998 -0.001530 0.000000 -0.029770 0.996172 0.082188 10.369300 0.003989 -0.082105 0.996616 -1.024300 0.000000 0.000000 0.000000 1.000000
0.999502 0.031565 0.000635 0.000000 -0.031512 0.996226 0.080870 10.369300 0.001920 -0.080850 0.996724 -1.024300 0.000000 0.000000 0.000000 1.000000
0.999461 0.032743 0.002531 0.000000 -0.032840 0.996332 0.079022 10.369300 0.000066 -0.079063 0.996870 -1.024300 0.000000 0.000000 0.000000 1.000000
0.999429 0.033556 0.004075 0.000000 -0.033769 0.996492 0.076575 10.369300 -0.001491 -0.076669 0.997055 -1.024300 0.000000 0.000000 0.000000 1.000000
0.999403 0.034167 0.005198 -0.000000 -0.034457 0.996697 0.073538 10.369300 -0.002668 -0.073673 0.997279 -1.024300 0.000000 0.000000 0.000000 1.000000
0.999378 0.034788 0.005854 0.000000 -0.035113 0.996924 0.070073 10.369300 -0.003399 -0.070235 0.997525 -1.024300 0.000000 0.000000 0.000000 1.000000
0.999346 0.035636 0.006137 0.000000 -0.035966 0.997137 0.066520 10.369300 -0.003749 -0.066697 0.997766 -1.024300 0.000000 0.000000 0.000000 1.000000
0.999300 0.036860 0.006382 0.000000 -0.037190 0.997304 0.063256 10.369300 -0.004033 -0.063449 0.997977 -1.024300 0.000000 0.000000 0.000000 1.000000
0.999235 0.038463 0.007046 0.000000 -0.038819 0.997414 0.060486 10.369300 -0.004701 -0.060713 0.998144 -1.024300 0.000000 0.000000 0.000000 1.000000
0.999154 0.040246 0.008398 0.000000 -0.040668 0.997476 0.058196 10.369300 -0.006034 -0.058489 0.998270 -1.024300 0.000000 0.000000 0.000000 1.000000
0.999073 0.041816 0.010245 0.000000 -0.042328 0.997515 0.056329 10.369300 -0.007864 -0.056710 0.998360 -1.024300 0.000000 0.000000 0.000000 1.000000
0.999012 0.042782 0.012000 0.000000 -0.043379 0.997548 0.054922 10.369300 -0.009621 -0.055389 0.998419 -1.024300 0.000000 0.000000 0.000000 1.000000
0.998983 0.043137 0.013119 0.000000 -0.043786 0.997581 0.053986 10.369300 -0.010758 -0.054506 0.998455 -1.024300 0.000000 0.000000 0.000000 1.000000
