<?xml version="1.0" encoding="utf-8"?>
<COLLADA xmlns="http://www.collada.org/2005/11/COLLADASchema" version="1.4.1">
  <asset>
    <contributor>
      <author>Mixamo</author>
      <authoring_tool>COLLADA Mixamo exporter</authoring_tool>
      <comments/>
    </contributor>
    <created>2025-11-20T11:24:38Z</created>
    <modified>2025-11-20T11:24:38Z</modified>
    <revision/>
    <title/>
    <unit meter="0.010000"/>
    <up_axis>Y_UP</up_axis>
  </asset>
  <library_animations>
    <animation id="mixamorig_Hips-anim" name="mixamorig_Hips">
      <source id="mixamorig_Hips-Matrix-animation-input">
        <float_array id="mixamorig_Hips-Matrix-animation-input-array" count="66">

0.000000 0.033333 0.066667 0.100000 0.133333 0.166667 0.200000 0.233333 0.266667 0.300000 0.333333 0.366667 0.400000 0.433333 0.466667 0.500000
0.533333 0.566667 0.600000 0.633333 0.666667 0.700000 0.733333 0.766667 0.800000 0.833333 0.866667 0.900000 0.933333 0.966667 1.000000 1.033333
1.066667 1.100000 1.133333 1.166667 1.200000 1.233333 1.266667 1.300000 1.333333 1.366667 1.400000 1.433333 1.466667 1.500000 1.533333 1.566667
1.600000 1.633333 1.666667 1.700000 1.733333 1.766667 1.800000 1.833333 1.866667 1.900000 1.933333 1.966667 2.000000 2.033333 2.066667 2.100000
2.133333 2.166667</float_array>
        <technique_common>
          <accessor source="#mixamorig_Hips-Matrix-animation-input-array" count="66">
            <param name="TIME" type="float"/>
          </accessor>
        </technique_common>
      </source>
      <source id="mixamorig_Hips-Matrix-animation-output-transform">
        <float_array id="mixamorig_Hips-Matrix-animation-output-transform-array" count="1056">

0.993947 0.061480 -0.091043 0.011025 -0.055651 0.996317 0.065237 96.012627 0.094719 -0.059775 0.993708 0.790193 0.000000 0.000000 0.000000 1.000000
0.992862 0.060144 -0.102990 0.196142 -0.054616 0.996954 0.055683 95.999794 0.106025 -0.049661 0.993123 0.729340 0.000000 0.000000 0.000000 1.000000
0.991255 0.058224 -0.118421 0.466670 -0.053369 0.997615 0.043766 96.020302 0.120687 -0.037064 0.991998 0.646295 0.000000 0.000000 0.000000 1.000000
0.988935 0.055208 -0.137695 0.823359 -0.051782 0.998256 0.028345 96.046219 0.139020 -0.020901 0.990069 0.518937 0.000000 0.000000 0.000000 1.000000
0.985517 0.050770 -0.161799 1.259574 -0.050210 0.998710 0.007549 96.033485 0.161974 0.000685 0.986795 0.309571 0.000000 0.000000 0.000000 1.000000
0.980373 0.043940 -0.192192 1.782882 -0.048885 0.998582 -0.021065 95.908958 0.190994 0.030047 0.981131 -0.037946 0.000000 0.000000 0.000000 1.000000
0.972723 0.032957 -0.229615 2.415279 -0.047811 0.997087 -0.059432 95.559044 0.226987 0.068789 0.971465 -0.578867 0.000000 0.000000 0.000000 1.000000
0.962062 0.016336 -0.272342 3.153085 -0.047317 0.993069 -0.107585 94.827698 0.268697 0.116390 0.956167 -1.339736 0.000000 0.000000 0.000000 1.000000
0.948781 -0.004746 -0.315899 3.941502 -0.049433 0.985342 -0.163272 93.564171 0.312044 0.170525 0.934639 -2.314982 0.000000 0.000000 0.000000 1.000000
0.934463 -0.026036 -0.355108 4.706887 -0.057672 0.973086 -0.223108 91.661896 0.351359 0.228966 0.907811 -3.480130 0.000000 0.000000 0.000000 1.000000
0.921502 -0.043131 -0.385972 5.412754 -0.074298 0.955881 -0.284203 89.084396 0.381201 0.290570 0.877642 -4.774677 0.000000 0.000000 0.000000 1.000000
0.912461 -0.054532 -0.405514 6.077265 -0.097434 0.933611 -0.344786 85.924431 0.397394 0.354115 0.846570 -6.070355 0.000000 0.000000 0.000000 1.000000
0.909397 -0.062082 -0.411270 6.738577 -0.120502 0.907065 -0.403376 82.443398 0.398091 0.416388 0.817401 -7.204260 0.000000 0.000000 0.000000 1.000000
0.912550 -0.068090 -0.403258 7.405122 -0.136348 0.878974 -0.456962 78.985352 0.385567 0.471984 0.792823 -8.062468 0.000000 0.000000 0.000000 1.000000
0.919317 -0.073118 -0.386664 8.042966 -0.142386 0.854205 -0.500061 75.830788 0.366854 0.514770 0.774874 -8.595581 0.000000 0.000000 0.000000 1.000000
0.925492 -0.077055 -0.370846 8.580025 -0.140894 0.838793 -0.525905 73.282578 0.351586 0.538971 0.765439 -8.731968 0.000000 0.000000 0.000000 1.000000
0.927810 -0.081488 -0.364046 8.982937 -0.133364 0.838912 -0.527675 71.853767 0.348401 0.538133 0.767483 -8.446679 0.000000 0.000000 0.000000 1.000000
0.923936 -0.090141 -0.371776 9.338402 -0.117990 0.857312 -0.501093 71.963074 0.363897 0.506843 0.781466 -7.820154 0.000000 0.000000 0.000000 1.000000
0.911596 -0.107362 -0.396819 9.661880 -0.090806 0.888860 -0.449091 73.465126 0.400932 0.445423 0.800532 -6.857812 0.000000 0.000000 0.000000 1.000000
0.891910 -0.132080 -0.432494 9.873291 -0.047942 0.923388 -0.380862 75.975533 0.449664 0.360429 0.817248 -5.509103 0.000000 0.000000 0.000000 1.000000
0.874344 -0.153158 -0.460506 9.776242 0.006319 0.952408 -0.304761 79.458542 0.485266 0.263556 0.833700 -3.968727 0.000000 0.000000 0.000000 1.000000
0.875580 -0.154862 -0.457577 9.203428 0.054065 0.972686 -0.225741 84.059784 0.480037 0.172916 0.860037 -2.607014 0.000000 0.000000 0.000000 1.000000
0.905752 -0.132286 -0.402634 8.156158 0.077469 0.985709 -0.149586 89.791313 0.416668 0.104296 0.903056 -1.626892 0.000000 0.000000 0.000000 1.000000
0.952983 -0.102470 -0.285173 6.644448 0.080334 0.992849 -0.088300 96.147484 0.292182 0.061239 0.954400 -1.012254 0.000000 0.000000 0.000000 1.000000
0.988921 -0.084060 -0.122346 4.943917 0.077220 0.995230 -0.059616 102.138855 0.126774 0.049508 0.990695 -0.817393 0.000000 0.000000 0.000000 1.000000
0.996121 -0.078421 0.039915 3.581699 0.081157 0.994077 -0.072280 106.756088 -0.034010 0.075239 0.996585 -1.326154 0.000000 0.000000 0.000000 1.000000
0.989698 -0.033160 0.139279 3.242521 0.049459 0.992105 -0.115244 111.437325 -0.134358 0.120945 0.983524 -2.688375 0.000000 0.000000 0.000000 1.000000
0.986008 0.011582 0.166297 3.440791 0.016560 0.985843 -0.166849 114.860146 -0.165875 0.167268 0.971857 -4.432625 0.000000 0.000000 0.000000 1.000000
0.987215 0.045514 0.152758 3.718697 -0.012172 0.977093 -0.212465 116.833008 -0.158929 0.207890 0.965155 -5.803196 0.000000 0.000000 0.000000 1.000000
0.988919 0.069970 0.130934 3.920719 -0.035198 0.967324 -0.251090 118.469772 -0.144224 0.243699 0.959067 -6.874642 0.000000 0.000000 0.000000 1.000000
0.989940 0.084235 0.113676 4.024812 -0.048775 0.957382 -0.284675 119.893631 -0.132811 0.276267 0.951860 -7.880004 0.000000 0.000000 0.000000 1.000000
0.991245 0.092446 0.094266 4.127506 -0.059544 0.950242 -0.305770 120.562767 -0.117843 0.297480 0.947427 -8.439944 0.000000 0.000000 0.000000 1.000000
0.992898 0.098035 0.067401 4.315829 -0.073147 0.949851 -0.304029 119.971870 -0.093826 0.296939 0.950276 -8.222159 0.000000 0.000000 0.000000 1.000000
0.994309 0.101026 0.033828 4.618522 -0.087606 0.955990 -0.280014 118.229958 -0.060628 0.275457 0.959400 -7.310658 0.000000 0.000000 0.000000 1.000000
0.994721 0.102614 -0.001099 5.151333 -0.099723 0.964056 -0.246275 115.919579 -0.024212 0.245084 0.969199 -6.085533 0.000000 0.000000 0.000000 1.000000
0.994170 0.103973 -0.028558 5.976150 -0.107679 0.971106 -0.212977 113.392387 0.005589 0.214811 0.976640 -4.594985 0.000000 0.000000 0.000000 1.000000
0.993302 0.107688 -0.041876 6.929987 -0.113443 0.977730 -0.176563 110.249496 0.021930 0.180131 0.983398 -2.388009 0.000000 0.000000 0.000000 1.000000
0.992814 0.115373 -0.031762 7.603925 -0.118556 0.984385 -0.130118 105.853378 0.016254 0.132949 0.990990 0.482467 0.000000 0.000000 0.000000 1.000000
0.992054 0.125102 0.013342 7.522816 -0.123571 0.988817 -0.083499 100.376755 -0.023638 0.081187 0.996419 3.084226 0.000000 0.000000 0.000000 1.000000
0.985717 0.139053 0.095011 6.427282 -0.133639 0.989140 -0.061176 94.612762 -0.102486 0.047605 0.993595 4.521462 0.000000 0.000000 0.000000 1.000000
0.966541 0.166389 0.195226 4.584357 -0.153993 0.985055 -0.077153 89.133087 -0.205146 0.044508 0.977719 4.566614 0.000000 0.000000 0.000000 1.000000
0.940995 0.201125 0.272171 2.921019 -0.174849 0.977519 -0.117836 84.495453 -0.289752 0.063295 0.955007 3.720887 0.000000 0.000000 0.000000 1.000000
0.929984 0.218539 0.295584 1.934101 -0.178783 0.971480 -0.155765 81.815628 -0.321195 0.092014 0.942532 2.458771 0.000000 0.000000 0.000000 1.000000
0.936286 0.211971 0.280067 1.347623 -0.167326 0.970253 -0.174959 81.157654 -0.308822 0.116949 0.943902 1.041123 0.000000 0.000000 0.000000 1.000000
0.943984 0.197874 0.264085 0.872814 -0.153723 0.971824 -0.178679 81.898468 -0.292000 0.128074 0.947804 -0.206669 0.000000 0.000000 0.000000 1.000000
0.944739 0.190448 0.266830 0.475676 -0.145475 0.972965 -0.179377 83.535362 -0.293778 0.130647 0.946903 -1.200824 0.000000 0.000000 0.000000 1.000000
0.944541 0.186280 0.270447 0.270656 -0.139705 0.973242 -0.182433 85.632065 -0.297195 0.134533 0.945292 -2.006088 0.000000 0.000000 0.000000 1.000000
0.952787 0.175730 0.247618 0.350475 -0.132190 0.974231 -0.182754 87.886185 -0.273353 0.141393 0.951465 -2.613737 0.000000 0.000000 0.000000 1.000000
0.967712 0.156427 0.197646 0.627420 -0.122837 0.977387 -0.172121 90.027313 -0.220102 0.142286 0.965044 -2.927800 0.000000 0.000000 0.000000 1.000000
0.979734 0.135959 0.147091 0.878313 -0.113977 0.982282 -0.148768 91.750191 -0.164711 0.128988 0.977871 -2.924945 0.000000 0.000000 0.000000 1.000000
0.985559 0.121322 0.118130 0.966191 -0.107209 0.987055 -0.119285 92.893082 -0.131073 0.104897 0.985808 -2.771627 0.000000 0.000000 0.000000 1.000000
0.987911 0.112102 0.107075 0.954137 -0.102559 0.990572 -0.090826 93.532898 -0.116247 0.078746 0.990094 -2.632102 0.000000 0.000000 0.000000 1.000000
0.989901 0.105205 0.095018 0.971342 -0.099243 0.992909 -0.065448 93.891060 -0.101229 0.055357 0.993322 -2.519466 0.000000 0.000000 0.000000 1.000000
0.992681 0.098285 0.070180 1.031013 -0.095512 0.994549 -0.041837 94.155739 -0.073910 0.034828 0.996657 -2.367172 0.000000 0.000000 0.000000 1.000000
0.995171 0.091004 0.036779 1.057900 -0.090338 0.995722 -0.019397 94.386406 -0.038387 0.015981 0.999135 -2.144864 0.000000 0.000000 0.000000 1.000000
0.996397 0.084609 0.005890 1.026176 -0.084615 0.996413 0.000860 94.585663 -0.005796 -0.001356 0.999982 -1.884444 0.000000 0.000000 0.000000 1.000000
0.996649 0.079976 -0.017153 0.976887 -0.079668 0.996660 0.017925 94.791931 0.018529 -0.016498 0.999692 -1.616713 0.000000 0.000000 0.000000 1.000000
0.996440 0.076708 -0.034980 0.935232 -0.075616 0.996638 0.031532 95.055923 0.037281 -0.028774 0.998890 -1.328863 0.000000 0.000000 0.000000 1.000000
0.995941 0.073707 -0.051664 0.885250 -0.071587 0.996560 0.041751 95.368118 0.054563 -0.037883 0.997791 -1.001333 0.000000 0.000000 0.000000 1.000000
0.995235 0.070261 -0.067608 0.814499 -0.067033 0.996552 0.048889 95.656204 0.070810 -0.044124 0.996513 -0.652328 0.000000 0.000000 0.000000 1.000000
0.994508 0.066644 -0.080694 0.733790 -0.062423 0.996602 0.053745 95.853409 0.084001 -0.048413 0.995289 -0.325501 0.000000 0.000000 0.000000 1.000000
0.993931 0.063766 -0.089642 0.648660 -0.058770 0.996625 0.057306 95.951660 0.092993 -0.051690 0.994324 -0.046133 0.000000 0.000000 0.000000 1.000000
0.993562 0.062166 -0.094706 0.540759 -0.056625 0.996584 0.060113 95.985016 0.098119 -0.054363 0.993689 0.192665 0.000000 0.000000 0.000000 1.000000
0.993435 0.061629 -0.096383 0.391594 -0.055780 0.996501 0.062248 95.993004 0.099882 -0.056463 0.993396 0.407919 0.000000 0.000000 0.000000 1.000000
0.993578 0.061536 -0.094956 0.207263 -0.055610 0.996410 0.063840 95.999069 0.098543 -0.058149 0.993432 0.607326 0.000000 0.000000 0.000000 1.000000
0.993947 0.061480 -0.091043 0.011024 -0.055651 0.996317 0.065237 96.012627 0.094719 -0.059775 0.993708 0.790193 0.000000 0.000000 0.000000 1.000000</float_array>
        <technique_common>
          <accessor source="#mixamorig_Hips-Matrix-animation-output-transform-array" count="66" stride="16">
            <param type="float4x4"/>
          </accessor>
        </technique_common>
      </source>
      <source id="mixamorig_Hips-Interpolations">
        <Name_array id="mixamorig_Hips-Interpolations-array" count="66">
 LINEAR LINEAR LINEAR LINEAR LINEAR LINEAR LINEAR LINEAR LINEAR LINEAR LINEAR
LINEAR LINEAR LINEAR LINEAR LINEAR LINEAR LINEAR LINEAR LINEAR LINEAR LINEAR LINEAR
LINEAR LINEAR LINEAR LINEAR LINEAR LINEAR LINEAR LINEAR LINEAR LINEAR LINEAR LINEAR
LINEAR LINEAR LINEAR LINEAR LINEAR LINEAR LINEAR LINEAR LINEAR LINEAR LINEAR LINEAR
LINEAR LINEAR LINEAR LINEAR LINEAR LINEAR LINEAR LINEAR LINEAR LINEAR LINEAR LINEAR
LINEAR LINEAR LINEAR LINEAR LINEAR LINEAR LINEAR</Name_array>
        <technique_common>
          <accessor source="#mixamorig_Hips-Interpolations-array" count="66">
            <param type="name"/>
          </accessor>
        </technique_common>
      </source>
      <sampler id="mixamorig_Hips-Matrix-animation-transform">
        <input semantic="INPUT" source="#mixamorig_Hips-Matrix-animation-input"/>
        <input semantic="OUTPUT" source="#mixamorig_Hips-Matrix-animation-output-transform"/>
        <input semantic="INTERPOLATION" source="#mixamorig_Hips-Interpolations"/>
      </sampler>
      <channel source="#mixamorig_Hips-Matrix-animation-transform" target="mixamorig_Hips/matrix"/>
    </animation>
    <animation id="mixamorig_Spine-anim" name="mixamorig_Spine">
      <source id="mixamorig_Spine-Matrix-animation-input">
        <float_array id="mixamorig_Spine-Matrix-animation-input-array" count="66">

0.000000 0.033333 0.066667 0.100000 0.133333 0.166667 0.200000 0.233333 0.266667 0.300000 0.333333 0.366667 0.400000 0.433333 0.466667 0.500000
0.533333 0.566667 0.600000 0.633333 0.666667 0.700000 0.733333 0.766667 0.800000 0.833333 0.866667 0.900000 0.933333 0.966667 1.000000 1.033333
1.066667 1.100000 1.133333 1.166667 1.200000 1.233333 1.266667 1.300000 1.333333 1.366667 1.400000 1.433333 1.466667 1.500000 1.533333 1.566667
1.600000 1.633333 1.666667 1.700000 1.733333 1.766667 1.800000 1.833333 1.866667 1.900000 1.933333 1.966667 2.000000 2.033333 2.066667 2.100000
2.133333 2.166667</float_array>
        <technique_common>
          <accessor source="#mixamorig_Spine-Matrix-animation-input-array" count="66">
            <param name="TIME" type="float"/>
          </accessor>
        </technique_common>
      </source>
      <source id="mixamorig_Spine-Matrix-animation-output-transform">
        <float_array id="mixamorig_Spine-Matrix-animation-output-transform-array" count="1056">

0.998680 -0.046233 0.022360 0.000000 0.045297 0.998145 0.040676 10.369300 -0.024199 -0.039609 0.998922 -1.024300 0.000000 0.000000 0.000000 1.000000
0.998518 -0.047805 0.026000 0.000000 0.046754 0.998120 0.039625 10.369300 -0.027845 -0.038350 0.998876 -1.024300 0.000000 0.000000 0.000000 1.000000
0.998380 -0.049547 0.027967 0.000000 0.048490 0.998128 0.037270 10.369300 -0.029762 -0.035853 0.998914 -1.024300 0.000000 0.000000 0.000000 1.000000
0.998314 -0.051042 0.027649 0.000000 0.050098 0.998171 0.033828 10.369300 -0.029325 -0.032386 0.999045 -1.024300 0.000000 0.000000 0.000000 1.000000
0.998333 -0.051878 0.025287 -0.000000 0.051116 0.998245 0.029892 10.369300 -0.026793 -0.028549 0.999233 -1.024300 0.000000 0.000000 0.000000 1.000000
0.998451 -0.051092 0.022021 0.000000 0.050513 0.998383 0.026059 10.369300 -0.023317 -0.024906 0.999418 -1.024300 0.000000 0.000000 0.000000 1.000000
0.998714 -0.047135 0.018690 0.000000 0.046719 0.998663 0.022127 10.369300 -0.019708 -0.021225 0.999580 -1.024300 0.000000 0.000000 0.000000 1.000000
0.999144 -0.038719 0.014555 -0.000000 0.038476 0.999121 0.016637 10.369300 -0.015186 -0.016063 0.999756 -1.024300 0.000000 0.000000 0.000000 1.000000
0.999621 -0.026611 0.007049 0.000000 0.026559 0.999620 0.007346 10.369300 -0.007242 -0.007156 0.999948 -1.024300 0.000000 0.000000 0.000000 1.000000
0.999873 -0.014433 -0.006746 0.000000 0.014383 0.999869 -0.007409 10.369300 0.006852 0.007311 0.999950 -1.024300 0.000000 0.000000 0.000000 1.000000
0.999601 -0.006903 -0.027380 0.000000 0.006157 0.999610 -0.027239 10.369300 0.027557 0.027059 0.999254 -1.024300 0.000000 0.000000 0.000000 1.000000
0.998679 -0.006876 -0.050914 0.000000 0.004373 0.998783 -0.049123 10.369300 0.051189 0.048835 0.997494 -1.024300 0.000000 0.000000 0.000000 1.000000
0.997447 -0.013329 -0.070157 -0.000000 0.008514 0.997616 -0.068489 10.369300 0.070903 0.067717 0.995182 -1.024300 0.000000 0.000000 0.000000 1.000000
0.996573 -0.022178 -0.079694 0.000000 0.015636 0.996526 -0.081799 10.369300 0.081231 0.080272 0.993458 -1.024300 0.000000 0.000000 0.000000 1.000000
0.996335 -0.029727 -0.080202 0.000000 0.022572 0.995804 -0.088689 10.369300 0.082502 0.086554 0.992825 -1.024300 0.000000 0.000000 0.000000 1.000000
0.996380 -0.035421 -0.077281 0.000000 0.028316 0.995433 -0.091171 10.369300 0.080157 0.088652 0.992832 -1.024300 0.000000 0.000000 0.000000 1.000000
0.996285 -0.041252 -0.075589 0.000000 0.034341 0.995300 -0.090542 10.369300 0.078969 0.087609 0.993020 -1.024300 0.000000 0.000000 0.000000 1.000000
0.996084 -0.047973 -0.074259 -0.000000 0.041539 0.995439 -0.085880 10.369300 0.078041 0.082459 0.993534 -1.024300 0.000000 0.000000 0.000000 1.000000
0.996388 -0.052301 -0.066899 -0.000000 0.047202 0.996016 -0.075661 10.369300 0.070590 0.072230 0.994887 -1.024300 0.000000 0.000000 0.000000 1.000000
0.997732 -0.049568 -0.045533 0.000000 0.046800 0.997103 -0.059963 10.369300 0.048373 0.057696 0.997162 -1.024300 0.000000 0.000000 0.000000 1.000000
0.999166 -0.040018 -0.008140 0.000000 0.039649 0.998356 -0.041382 10.369300 0.009783 0.041025 0.999110 -1.024300 0.000000 0.000000 0.000000 1.000000
0.998966 -0.028503 0.035415 0.000000 0.029366 0.999278 -0.024090 10.369300 -0.034703 0.025105 0.999082 -1.024300 0.000000 0.000000 0.000000 1.000000
0.997797 -0.012826 0.065091 0.000000 0.013607 0.999840 -0.011582 10.369300 -0.064932 0.012443 0.997812 -1.024300 0.000000 0.000000 0.000000 1.000000
0.997774 0.017348 0.064393 0.000000 -0.017008 0.999838 -0.005819 10.369300 -0.064483 0.004711 0.997908 -1.024300 0.000000 0.000000 0.000000 1.000000
0.997485 0.062372 0.033668 -0.000000 -0.062110 0.998031 -0.008765 10.369300 -0.034148 0.006652 0.999395 -1.024300 0.000000 0.000000 0.000000 1.000000
0.994579 0.103508 -0.009922 -0.000000 -0.103718 0.994326 -0.023638 10.369300 0.007419 0.024539 0.999671 -1.024300 0.000000 0.000000 0.000000 1.000000
0.992615 0.112847 -0.044503 -0.000000 -0.115120 0.991972 -0.052341 10.369300 0.038239 0.057077 0.997637 -1.024300 0.000000 0.000000 0.000000 1.000000
0.993595 0.093647 -0.063238 0.000000 -0.099168 0.990929 -0.090691 10.369300 0.054172 0.096381 0.993869 -1.024300 0.000000 0.000000 0.000000 1.000000
0.995377 0.065887 -0.069882 0.000000 -0.074387 0.989111 -0.126986 10.369300 0.060754 0.131598 0.989440 -1.024300 0.000000 0.000000 0.000000 1.000000
0.996854 0.043707 -0.066125 -0.000000 -0.053171 0.987420 -0.148908 10.369300 0.058785 0.151956 0.986638 -1.024300 0.000000 0.000000 0.000000 1.000000
0.998373 0.029015 -0.049093 0.000000 -0.036202 0.987638 -0.152513 10.369300 0.044061 0.154042 0.987081 -1.024300 0.000000 0.000000 0.000000 1.000000
0.999689 0.017270 -0.017996 -0.000000 -0.019683 0.989400 -0.143877 10.369300 0.015321 0.144187 0.989432 -1.024300 0.000000 0.000000 0.000000 1.000000
0.999816 0.005120 0.018471 -0.000000 -0.002631 0.991201 -0.132339 10.369300 -0.018986 0.132266 0.991032 -1.024300 0.000000 0.000000 0.000000 1.000000
0.998715 -0.009441 0.049801 0.000000 0.015470 0.992399 -0.122084 10.369300 -0.048270 0.122698 0.991269 -1.024300 0.000000 0.000000 0.000000 1.000000
0.997104 -0.028472 0.070514 0.000000 0.036137 0.993282 -0.109933 10.369300 -0.066910 0.112163 0.991435 -1.024300 0.000000 0.000000 0.000000 1.000000
0.995285 -0.052342 0.081659 0.000000 0.059768 0.994027 -0.091315 10.369300 -0.076391 0.095765 0.992468 -1.024300 0.000000 0.000000 0.000000 1.000000
0.993104 -0.076202 0.089099 0.000000 0.082294 0.994366 -0.066817 10.369300 -0.083505 0.073688 0.993779 -1.024300 0.000000 0.000000 0.000000 1.000000
0.991628 -0.087156 0.095282 -0.000000 0.091539 0.994889 -0.042622 10.369300 -0.091080 0.050987 0.994537 -1.024300 0.000000 0.000000 0.000000 1.000000
0.992220 -0.078265 0.096816 -0.000000 0.081047 0.996393 -0.025139 10.369300 -0.094500 0.032791 0.994985 -1.024300 0.000000 0.000000 0.000000 1.000000
0.994297 -0.059134 0.088750 0.000000 0.060876 0.998000 -0.017048 10.369300 -0.087565 0.022354 0.995908 -1.024300 0.000000 0.000000 0.000000 1.000000
0.996164 -0.044092 0.075583 -0.000000 0.045536 0.998810 -0.017480 10.369300 -0.074722 0.020855 0.996986 -1.024300 0.000000 0.000000 0.000000 1.000000
0.996727 -0.038003 0.071358 0.000000 0.039715 0.998953 -0.022727 10.369300 -0.070420 0.025487 0.997192 -1.024300 0.000000 0.000000 0.000000 1.000000
0.996025 -0.034314 0.082203 0.000000 0.036759 0.998920 -0.028417 10.369300 -0.081139 0.031326 0.996210 -1.024300 0.000000 0.000000 0.000000 1.000000
0.994761 -0.029041 0.098012 -0.000000 0.032284 0.998977 -0.031665 10.369300 -0.096992 0.034664 0.994681 -1.024300 0.000000 0.000000 0.000000 1.000000
0.994370 -0.026280 0.102656 -0.000000 0.029639 0.999069 -0.031340 10.369300 -0.101737 0.034206 0.994223 -1.024300 0.000000 0.000000 0.000000 1.000000
0.995301 -0.030625 0.091860 0.000000 0.033263 0.999073 -0.027323 10.369300 -0.090938 0.030250 0.995397 -1.024300 0.000000 0.000000 0.000000 1.000000
0.996257 -0.038273 0.077510 -0.000000 0.039947 0.998998 -0.020163 10.369300 -0.076660 0.023184 0.996788 -1.024300 0.000000 0.000000 0.000000 1.000000
0.996404 -0.042117 0.073522 -0.000000 0.043034 0.999014 -0.010936 10.369300 -0.072989 0.014060 0.997234 -1.024300 0.000000 0.000000 0.000000 1.000000
0.995917 -0.040491 0.080686 0.000000 0.040690 0.999171 -0.000833 10.369300 -0.080585 0.004113 0.996739 -1.024300 0.000000 0.000000 0.000000 1.000000
0.995455 -0.037105 0.087707 -0.000000 0.036431 0.999293 0.009271 10.369300 -0.087989 -0.006034 0.996103 -1.024300 0.000000 0.000000 0.000000 1.000000
0.995763 -0.035390 0.084879 -0.000000 0.033913 0.999248 0.018789 10.369300 -0.085480 -0.015831 0.996214 -1.024300 0.000000 0.000000 0.000000 1.000000
0.996642 -0.036145 0.073469 -0.000000 0.034257 0.999054 0.026796 10.369300 -0.074368 -0.024189 0.996937 -1.024300 0.000000 0.000000 0.000000 1.000000
0.997311 -0.038918 0.062101 -0.000000 0.036993 0.998808 0.031855 10.369300 -0.063267 -0.029472 0.997561 -1.024300 0.000000 0.000000 0.000000 1.000000
0.997464 -0.042887 0.056792 0.000000 0.041050 0.998608 0.033130 10.369300 -0.058134 -0.030715 0.997836 -1.024300 0.000000 0.000000 0.000000 1.000000
0.997327 -0.046758 0.056139 0.000000 0.045043 0.998490 0.031438 10.369300 -0.057525 -0.028826 0.997928 -1.024300 0.000000 0.000000 0.000000 1.000000
0.997260 -0.049384 0.055086 -0.000000 0.047858 0.998442 0.028693 10.369300 -0.056417 -0.025979 0.998069 -1.024300 0.000000 0.000000 0.000000 1.000000
0.997415 -0.050584 0.051035 0.000000 0.049273 0.998431 0.026616 10.369300 -0.052301 -0.024033 0.998342 -1.024300 0.000000 0.000000 0.000000 1.000000
0.997671 -0.050868 0.045452 0.000000 0.049711 0.998419 0.026232 10.369300 -0.046714 -0.023912 0.998622 -1.024300 0.000000 0.000000 0.000000 1.000000
0.997880 -0.050625 0.040910 0.000000 0.049503 0.998382 0.027988 10.369300 -0.042260 -0.025904 0.998771 -1.024300 0.000000 0.000000 0.000000 1.000000
0.998018 -0.049982 0.038229 0.000000 0.048789 0.998311 0.031530 10.369300 -0.039740 -0.029602 0.998771 -1.024300 0.000000 0.000000 0.000000 1.000000
0.998125 -0.049147 0.036493 0.000000 0.047854 0.998224 0.035485 10.369300 -0.038172 -0.033672 0.998704 -1.024300 0.000000 0.000000 0.000000 1.000000
0.998222 -0.048552 0.034571 0.000000 0.047225 0.998153 0.038223 10.369300 -0.036363 -0.036522 0.998671 -1.024300 0.000000 0.000000 0.000000 1.000000
0.998320 -0.048319 0.031981 0.000000 0.047055 0.998124 0.039167 10.369300 -0.033814 -0.037596 0.998721 -1.024300 0.000000 0.000000 0.000000 1.000000
0.998427 -0.048090 0.028819 0.000000 0.046945 0.998129 0.039164 10.369300 -0.030649 -0.037749 0.998817 -1.024300 0.000000 0.000000 0.000000 1.000000
0.998550 -0.047423 0.025470 0.000000 0.046397 0.998144 0.039450 10.369300 -0.027294 -0.038211 0.998897 -1.024300 0.000000 0.000000 0.000000 1.000000
0.998680 -0.046233 0.022360 0.000000 0.045297 0.998145 0.040676 10.369300 -0.024199 -0.039609 0.998922 -1.024300 0.000000 0.000000 0.000000 1.000000</float_array>
        <technique_common>
          <accessor source="#mixamorig_Spine-Matrix-animation-output-transform-array" count="66" stride="16">
            <param type="float4x4"/>
          </accessor>
        </technique_common>
      </source>
      <source id="mixamorig_Spine-Interpolations">
        <Name_array id="mixamorig_Spine-Interpolations-array" count="66">
 LINEAR LINEAR LINEAR LINEAR LINEAR LINEAR LINEAR LINEAR LINEAR LINEAR LINEAR
LINEAR LINEAR LINEAR LINEAR LINEAR LINEAR LINEAR LINEAR LINEAR LINEAR LINEAR LINEAR
LINEAR LINEAR LINEAR LINEAR LINEAR LINEAR LINEAR LINEAR LINEAR LINEAR LINEAR LINEAR
LINEAR LINEAR LINEAR LINEAR LINEAR LINEAR LINEAR LINEAR LINEAR LINEAR LINEAR LINEAR
LINEAR LINEAR LINEAR LINEAR LINEAR LINEAR LINEAR LINEAR LINEAR LINEAR LINEAR LINEAR
LINEAR LINEAR LINEAR LINEAR LINEAR LINEAR LINEAR</Name_array>
        <technique_common>
          <accessor source="#mixamorig_Spine-Interpolations-array" count="66">
            <param type="name"/>
          </accessor>
        </technique_common>
      </source>
      <sampler id="mixamorig_Spine-Matrix-animation-transform">
        <input semantic="INPUT" source="#mixamorig_Spine-Matrix-animation-input"/>
        <input semantic="OUTPUT" source="#mixamorig_Spine-Matrix-animation-output-transform"/>
        <input semantic="INTERPOLATION" source="#mixamorig_Spine-Interpolations"/>
      </sampler>
      <channel source="#mixamorig_Spine-Matrix-animation-transform" target="mixamorig_Spine/matrix"/>
    </animation>
    <animation id="mixamorig_Spine1-anim" name="mixamorig_Spine1">
      <source id="mixamorig_Spine1-Matrix-animation-input">
        <float_array id="mixamorig_Spine1-Matrix-animation-input-array" count="66">

0.000000 0.033333 0.066667 0.100000 0.133333 0.166667 0.200000 0.233333 0.266667 0.300000 0.333333 0.366667 0.400000 0.433333 0.466667 0.500000
0.533333 0.566667 0.600000 0.633333 0.666667 0.700000 0.733333 0.766667 0.800000 0.833333 0.866667 0.900000 0.933333 0.966667 1.000000 1.033333
1.066667 1.100000 1.133333 1.166667 1.200000 1.233333 1.266667 1.300000 1.333333 1.366667 1.400000 1.433333 1.466667 1.500000 1.533333 1.566667
1.600000 1.633333 1.666667 1.700000 1.733333 1.766667 1.800000 1.833333 1.866667 1.900000 1.933333 1.966667 2.000000 2.033333 2.066667 2.100000
2.133333 2.166667</float_array>
        <technique_common>
          <accessor source="#mixamorig_Spine1-Matrix-animation-input-array" count="66">
            <param name="TIME" type="float"/>
          </accessor>
        </technique_common>
      </source>
      <source id="mixamorig_Spine1-Matrix-animation-output-transform">
        <float_array id="mixamorig_Spine1-Matrix-animation-output-transform-array" count="1056">

0.999615 -0.027549 0.003232 -0.000000 0.027608 0.999416 -0.020139 12.156400 -0.002676 0.020220 0.999792 0.000000 0.000000 0.000000 0.000000 1.000000
0.999598 -0.028022 0.004328 -0.000000 0.028106 0.999392 -0.020623 12.156400 -0.003747 0.020736 0.999778 -0.000000 0.000000 0.000000 0.000000 1.000000
0.999582 -0.028532 0.004674 0.000000 0.028626 0.999357 -0.021576 12.156400 -0.004055 0.021701 0.999756 0.000000 0.000000 0.000000 0.000000 1.000000
0.999570 -0.029025 0.004049 0.000000 0.029111 0.999313 -0.022952 12.156400 -0.003380 0.023060 0.999728 -0.000000 0.000000 0.000000 0.000000 1.000000
0.999565 -0.029396 0.002561 -0.000000 0.029450 0.999263 -0.024605 12.156400 -0.001836 0.024670 0.999694 0.000000 0.000000 0.000000 0.000000 1.000000
0.999569 -0.029366 0.000639 0.000000 0.029373 0.999220 -0.026405 12.156400 0.000136 0.026412 0.999651 0.000000 0.000000 0.000000 0.000000 1.000000
0.999594 -0.028476 -0.001380 -0.000000 0.028425 0.999191 -0.028461 12.156400 0.002189 0.028411 0.999594 0.000000 0.000000 0.000000 0.000000 1.000000
0.999646 -0.026367 -0.003658 0.000000 0.026240 0.999167 -0.031237 12.156400 0.004479 0.031130 0.999505 0.000000 0.000000 0.000000 0.000000 1.000000
0.999706 -0.023211 -0.006960 0.000000 0.022951 0.999110 -0.035404 12.156400 0.007775 0.035234 0.999349 0.000000 0.000000 0.000000 0.000000 1.000000
0.999730 -0.019825 -0.012160 -0.000000 0.019306 0.998955 -0.041416 12.156400 0.012968 0.041170 0.999068 0.000000 0.000000 0.000000 0.000000 1.000000
0.999670 -0.017273 -0.019002 0.000000 0.016324 0.998664 -0.049026 12.156400 0.019824 0.048700 0.998617 0.000000 0.000000 0.000000 0.000000 1.000000
0.999558 -0.016185 -0.024922 0.000000 0.014740 0.998259 -0.057108 12.156400 0.025803 0.056715 0.998057 0.000000 0.000000 0.000000 0.000000 1.000000
0.999528 -0.016271 -0.026058 0.000000 0.014572 0.997836 -0.064113 12.156400 0.027045 0.063703 0.997602 0.000000 0.000000 0.000000 0.000000 1.000000
0.999641 -0.016525 -0.021082 0.000000 0.015035 0.997504 -0.068989 12.156400 0.022170 0.068647 0.997395 0.000000 0.000000 0.000000 0.000000 1.000000
0.999775 -0.016201 -0.013682 0.000000 0.015179 0.997307 -0.071747 12.156400 0.014808 0.071523 0.997329 0.000000 0.000000 0.000000 0.000000 1.000000
0.999833 -0.015788 -0.009181 0.000000 0.015078 0.997229 -0.072844 12.156400 0.010305 0.072693 0.997301 0.000000 0.000000 0.000000 0.000000 1.000000
0.999813 -0.016876 -0.009496 -0.000000 0.016148 0.997264 -0.072143 12.156400 0.010687 0.071976 0.997349 -0.000000 0.000000 0.000000 0.000000 1.000000
0.999697 -0.020668 -0.013354 -0.000000 0.019695 0.997403 -0.069271 12.156400 0.014751 0.068987 0.997508 0.000000 0.000000 0.000000 0.000000 1.000000
0.999492 -0.026225 -0.018114 0.000000 0.025001 0.997586 -0.064789 12.156400 0.019770 0.064303 0.997735 -0.000000 0.000000 0.000000 0.000000 1.000000
0.999354 -0.030601 -0.018849 0.000000 0.029423 0.997772 -0.059871 12.156400 0.020639 0.059278 0.998028 0.000000 0.000000 0.000000 0.000000 1.000000
0.999441 -0.031592 -0.010973 -0.000000 0.030942 0.998007 -0.055001 12.156400 0.012689 0.054631 0.998426 0.000000 0.000000 0.000000 0.000000 1.000000
0.999562 -0.029428 0.003093 -0.000000 0.029545 0.998327 -0.049695 12.156400 -0.001626 0.049765 0.998760 0.000000 0.000000 0.000000 0.000000 1.000000
0.999600 -0.024575 0.013990 0.000000 0.025162 0.998737 -0.043492 12.156400 -0.012904 0.043827 0.998956 0.000000 0.000000 0.000000 0.000000 1.000000
0.999772 -0.015956 0.014196 0.000000 0.016475 0.999171 -0.037225 12.156400 -0.013590 0.037450 0.999206 0.000000 0.000000 0.000000 0.000000 1.000000
0.999980 -0.003780 0.005139 0.000000 0.003951 0.999430 -0.033514 12.156400 -0.005010 0.033533 0.999425 0.000000 0.000000 0.000000 0.000000 1.000000
0.999959 0.007807 -0.004501 0.000000 -0.007962 0.999333 -0.035636 12.156400 0.004219 0.035671 0.999355 0.000000 0.000000 0.000000 0.000000 1.000000
0.999875 0.014211 -0.006899 -0.000000 -0.014508 0.998877 -0.045102 12.156400 0.006251 0.045196 0.998959 -0.000000 0.000000 0.000000 0.000000 1.000000
0.999882 0.015267 -0.001951 0.000000 -0.015357 0.998093 -0.059787 12.156400 0.001034 0.059809 0.998209 0.000000 0.000000 0.000000 0.000000 1.000000
0.999894 0.013961 0.004160 0.000000 -0.013612 0.997112 -0.074711 12.156400 -0.005191 0.074647 0.997197 -0.000000 0.000000 0.000000 0.000000 1.000000
0.999903 0.012007 0.007040 0.000000 -0.011364 0.996300 -0.085192 12.156400 -0.008037 0.085104 0.996340 0.000000 0.000000 0.000000 0.000000 1.000000
0.999927 0.008555 0.008549 0.000000 -0.007756 0.995960 -0.089462 12.156400 -0.009279 0.089389 0.995954 0.000000 0.000000 0.000000 0.000000 1.000000
0.999915 0.002218 0.012819 0.000000 -0.001069 0.996039 -0.088913 12.156400 -0.012965 0.088891 0.995957 0.000000 0.000000 0.000000 0.000000 1.000000
0.999765 -0.006810 0.020563 -0.000000 0.008561 0.996231 -0.086316 12.156400 -0.019897 0.086472 0.996056 -0.000000 0.000000 0.000000 0.000000 1.000000
0.999445 -0.016792 0.028757 0.000000 0.019134 0.996351 -0.083181 12.156400 -0.027256 0.083685 0.996119 0.000000 0.000000 0.000000 0.000000 1.000000
0.999066 -0.025917 0.034575 0.000000 0.028566 0.996509 -0.078442 12.156400 -0.032421 0.079356 0.996319 0.000000 0.000000 0.000000 0.000000 1.000000
0.998730 -0.033011 0.038067 -0.000000 0.035626 0.996898 -0.070176 12.156400 -0.035633 0.071443 0.996808 -0.000000 0.000000 0.000000 0.000000 1.000000
0.998461 -0.037155 0.041177 -0.000000 0.039547 0.997482 -0.058878 12.156400 -0.038885 0.060416 0.997416 0.000000 0.000000 0.000000 0.000000 1.000000
0.998281 -0.037586 0.044976 0.000000 0.039757 0.998038 -0.048376 12.156400 -0.043069 0.050081 0.997816 0.000000 0.000000 0.000000 0.000000 1.000000
0.998252 -0.034481 0.048002 -0.000000 0.036546 0.998414 -0.042816 12.156400 -0.046450 0.044496 0.997929 0.000000 0.000000 0.000000 0.000000 1.000000
0.998425 -0.029614 0.047655 -0.000000 0.031671 0.998572 -0.043012 12.156400 -0.046313 0.044454 0.997937 -0.000000 0.000000 0.000000 0.000000 1.000000
0.998708 -0.025472 0.043976 -0.000000 0.027501 0.998556 -0.046157 12.156400 -0.042737 0.047306 0.997966 -0.000000 0.000000 0.000000 0.000000 1.000000
0.998900 -0.023116 0.040799 0.000000 0.025098 0.998495 -0.048756 12.156400 -0.039611 0.049726 0.997977 0.000000 0.000000 0.000000 0.000000 1.000000
0.998921 -0.021540 0.041145 0.000000 0.023570 0.998495 -0.049514 12.156400 -0.040017 0.050430 0.997926 -0.000000 0.000000 0.000000 0.000000 1.000000
0.998897 -0.019922 0.042516 0.000000 0.022012 0.998543 -0.049258 12.156400 -0.041473 0.050140 0.997881 -0.000000 0.000000 0.000000 0.000000 1.000000
0.999044 -0.019244 0.039258 0.000000 0.021147 0.998592 -0.048643 12.156400 -0.038267 0.049426 0.998044 0.000000 0.000000 0.000000 0.000000 1.000000
0.999346 -0.020510 0.029769 -0.000000 0.021898 0.998652 -0.047069 12.156400 -0.028764 0.047691 0.998448 0.000000 0.000000 0.000000 0.000000 1.000000
0.999554 -0.022854 0.019223 0.000000 0.023680 0.998756 -0.043886 12.156400 -0.018196 0.044322 0.998852 0.000000 0.000000 0.000000 0.000000 1.000000
0.999600 -0.024605 0.013970 0.000000 0.025140 0.998903 -0.039506 12.156400 -0.012982 0.039841 0.999122 0.000000 0.000000 0.000000 0.000000 1.000000
0.999573 -0.025179 0.014824 0.000000 0.025684 0.999059 -0.034951 12.156400 -0.013930 0.035317 0.999279 0.000000 0.000000 0.000000 0.000000 1.000000
0.999535 -0.025099 0.017328 -0.000000 0.025626 0.999194 -0.030887 12.156400 -0.016539 0.031317 0.999373 0.000000 0.000000 0.000000 0.000000 1.000000
0.999538 -0.024965 0.017321 0.000000 0.025435 0.999300 -0.027425 12.156400 -0.016624 0.027853 0.999474 -0.000000 0.000000 0.000000 0.000000 1.000000
0.999578 -0.025103 0.014600 0.000000 0.025457 0.999373 -0.024611 12.156400 -0.013973 0.024972 0.999590 0.000000 0.000000 0.000000 0.000000 1.000000
0.999601 -0.025721 0.011705 -0.000000 0.025982 0.999404 -0.022748 12.156400 -0.011112 0.023043 0.999673 0.000000 0.000000 0.000000 0.000000 1.000000
0.999586 -0.026775 0.010574 0.000000 0.027004 0.999392 -0.022077 12.156400 -0.009976 0.022354 0.999700 0.000000 0.000000 0.000000 0.000000 1.000000
0.999553 -0.027862 0.010877 -0.000000 0.028101 0.999354 -0.022382 12.156400 -0.010247 0.022678 0.999690 -0.000000 0.000000 0.000000 0.000000 1.000000
0.999530 -0.028576 0.011069 0.000000 0.028825 0.999318 -0.023096 12.156400 -0.010401 0.023404 0.999672 0.000000 0.000000 0.000000 0.000000 1.000000
0.999530 -0.028873 0.010305 -0.000000 0.029111 0.999295 -0.023696 12.156400 -0.009613 0.023985 0.999666 0.000000 0.000000 0.000000 0.000000 1.000000
0.999540 -0.028941 0.009030 -0.000000 0.029149 0.999290 -0.023863 12.156400 -0.008333 0.024115 0.999674 -0.000000 0.000000 0.000000 0.000000 1.000000
0.999551 -0.028872 0.008066 0.000000 0.029054 0.999303 -0.023445 12.156400 -0.007384 0.023669 0.999693 0.000000 0.000000 0.000000 0.000000 1.000000
0.999560 -0.028665 0.007664 0.000000 0.028831 0.999330 -0.022529 12.156400 -0.007013 0.022740 0.999717 0.000000 0.000000 0.000000 0.000000 1.000000
0.999568 -0.028410 0.007487 0.000000 0.028565 0.999361 -0.021502 12.156400 -0.006872 0.021707 0.999741 0.000000 0.000000 0.000000 0.000000 1.000000
0.999575 -0.028269 0.007132 -0.000000 0.028413 0.999379 -0.020825 12.156400 -0.006539 0.021019 0.999758 0.000000 0.000000 0.000000 0.000000 1.000000
0.999580 -0.028261 0.006432 -0.000000 0.028388 0.999384 -0.020636 12.156400 -0.005844 0.020810 0.999766 -0.000000 0.000000 0.000000 0.000000 1.000000
0.999587 -0.028216 0.005436 0.000000 0.028322 0.999385 -0.020662 12.156400 -0.004850 0.020808 0.999772 0.000000 0.000000 0.000000 0.000000 1.000000
0.999599 -0.027982 0.004309 0.000000 0.028065 0.999395 -0.020550 12.156400 -0.003732 0.020663 0.999780 -0.000000 0.000000 0.000000 0.000000 1.000000
0.999615 -0.027549 0.003232 -0.000000 0.027608 0.999416 -0.020139 12.156400 -0.002676 0.020220 0.999792 -0.000000 0.000000 0.000000 0.000000 1.000000</float_array>
        <technique_common>
          <accessor source="#mixamorig_Spine1-Matrix-animation-output-transform-array" count="66" stride="16">
            <param type="float4x4"/>
          </accessor>
        </technique_common>
      </source>
      <source id="mixamorig_Spine1-Interpolations">
        <Name_array id="mixamorig_Spine1-Interpolations-array" count="66">
 LINEAR LINEAR LINEAR LINEAR LINEAR LINEAR LINEAR LINEAR LINEAR LINEAR LINEAR
LINEAR LINEAR LINEAR LINEAR LINEAR LINEAR LINEAR LINEAR LINEAR LINEAR LINEAR LINEAR
LINEAR LINEAR LINEAR LINEAR LINEAR LINEAR LINEAR LINEAR LINEAR LINEAR LINEAR LINEAR
LINEAR LINEAR LINEAR LINEAR LINEAR LINEAR LINEAR LINEAR LINEAR LINEAR LINEAR LINEAR
LINEAR LINEAR LINEAR LINEAR LINEAR LINEAR LINEAR LINEAR LINEAR LINEAR LINEAR LINEAR
LINEAR LINEAR LINEAR LINEAR LINEAR LINEAR LINEAR</Name_array>
        <technique_common>
          <accessor source="#mixamorig_Spine1-Interpolations-array" count="66">
            <param type="name"/>
          </accessor>
        </technique_common>
      </source>
      <sampler id="mixamorig_Spine1-Matrix-animation-transform">
        <input semantic="INPUT" source="#mixamorig_Spine1-Matrix-animation-input"/>
        <input semantic="OUTPUT" source="#mixamorig_Spine1-Matrix-animation-output-transform"/>
        <input semantic="INTERPOLATION" source="#mixamorig_Spine1-Interpolations"/>
      </sampler>
      <channel source="#mixamorig_Spine1-Matrix-animation-transform" target="mixamorig_Spine1/matrix"/>
    </animation>
    <animation id="mixamorig_Spine2-anim" name="mixamorig_Spine2">
      <source id="mixamorig_Spine2-Matrix-animation-input">
        <float_array id="mixamorig_Spine2-Matrix-animation-input-array" count="66">

0.000000 0.033333 0.066667 0.100000 0.133333 0.166667 0.200000 0.233333 0.266667 0.300000 0.333333 0.366667 0.400000 0.433333 0.466667 0.500000
0.533333 0.566667 0.600000 0.633333 0.666667 0.700000 0.733333 0.766667 0.800000 0.833333 0.866667 0.900000 0.933333 0.966667 1.000000 1.033333
1.066667 1.100000 1.133333 1.166667 1.200000 1.233333 1.266667 1.300000 1.333333 1.366667 1.400000 1.433333 1.466667 1.500000 1.533333 1.566667
1.600000 1.633333 1.666667 1.700000 1.733333 1.766667 1.800000 1.833333 1.866667 1.900000 1.933333 1.966667 2.000000 2.033333 2.066667 2.100000
2.133333 2.166667</float_array>
        <technique_common>
          <accessor source="#mixamorig_Spine2-Matrix-animation-input-array" count="66">
            <param name="TIME" type="float"/>
          </accessor>
        </technique_common>
      </source>
      <source id="mixamorig_Spine2-Matrix-animation-output-transform">
        <float_array id="mixamorig_Spine2-Matrix-animation-output-transform-array" count="1056">

0.999611 -0.027640 0.003611 0.000000 0.027706 0.999422 -0.019687 13.893000 -0.003064 0.019779 0.999800 -0.000000 0.000000 0.000000 0.000000 1.000000
0.999594 -0.028116 0.004705 0.000000 0.028205 0.999399 -0.020169 13.893000 -0.004135 0.020293 0.999786 0.000000 0.000000 0.000000 0.000000 1.000000
0.999577 -0.028632 0.005050 0.000000 0.028733 0.999364 -0.021120 13.893000 -0.004442 0.021256 0.999764 0.000000 0.000000 0.000000 0.000000 1.000000
0.999566 -0.029140 0.004422 0.000000 0.029232 0.999319 -0.022496 13.893000 -0.003763 0.022615 0.999737 0.000000 0.000000 0.000000 0.000000 1.000000
