<?xml version="1.0" encoding="utf-8"?>
<COLLADA xmlns="http://www.collada.org/2005/11/COLLADASchema" version="1.4.1">
  <asset>
    <contributor>
      <author>Mixamo</author>
      <authoring_tool>COLLADA Mixamo exporter</authoring_tool>
      <comments/>
    </contributor>
    <created>2025-11-19T16:51:38Z</created>
    <modified>2025-11-19T16:51:38Z</modified>
    <revision/>
    <title/>
    <unit meter="0.010000"/>
    <up_axis>Y_UP</up_axis>
  </asset>
  <library_animations>
    <animation id="mixamorig_Hips-anim" name="mixamorig_Hips">
      <source id="mixamorig_Hips-Matrix-animation-input">
        <float_array id="mixamorig_Hips-Matrix-animation-input-array" count="24">

0.000000 0.033333 0.066667 0.100000 0.133333 0.166667 0.200000 0.233333 0.266667 0.300000 0.333333 0.366667 0.400000 0.433333 0.466667 0.500000
0.533333 0.566667 0.600000 0.633333 0.666667 0.700000 0.733333 0.766667</float_array>
        <technique_common>
          <accessor source="#mixamorig_Hips-Matrix-animation-input-array" count="24">
            <param name="TIME" type="float"/>
          </accessor>
        </technique_common>
      </source>
      <source id="mixamorig_Hips-Matrix-animation-output-transform">
        <float_array id="mixamorig_Hips-Matrix-animation-output-transform-array" count="384">

0.994196 0.046209 -0.097153 0.071250 -0.060179 0.987427 -0.146174 87.974632 0.089177 0.151172 0.984477 2.234646 0.000000 0.000000 0.000000 1.000000
0.994099 0.017435 -0.107070 -0.320185 -0.034481 0.986597 -0.159491 89.332123 0.102854 0.162242 0.981376 3.048306 0.000000 0.000000 0.000000 1.000000
0.995402 -0.009654 -0.095299 -0.877604 -0.007426 0.984135 -0.177263 91.502991 0.095498 0.177156 0.979539 3.158418 0.000000 0.000000 0.000000 1.000000
0.996838 -0.010630 -0.078746 -1.215467 -0.004379 0.982158 -0.188007 93.222015 0.079340 0.187758 0.979006 2.235091 0.000000 0.000000 0.000000 1.000000
0.997794 0.001456 -0.066368 -1.224982 -0.013267 0.983965 -0.177865 93.604355 0.065045 0.178353 0.981814 2.225120 0.000000 0.000000 0.000000 1.000000
0.999259 -0.001142 -0.038470 -0.844988 -0.004658 0.988625 -0.150330 92.854446 0.038204 0.150398 0.987887 1.629288 0.000000 0.000000 0.000000 1.000000
0.999866 -0.015510 0.005153 -0.299068 0.016020 0.992497 -0.121212 91.185516 -0.003234 0.121279 0.992613 1.113968 0.000000 0.000000 0.000000 1.000000
0.997756 -0.042141 0.052031 0.021819 0.047475 0.993237 -0.105955 89.349525 -0.047214 0.108187 0.993009 0.821690 0.000000 0.000000 0.000000 1.000000
0.993085 -0.080954 0.085017 0.324126 0.090452 0.989290 -0.114557 87.819603 -0.074832 0.121455 0.989772 -0.544913 0.000000 0.000000 0.000000 1.000000
0.987050 -0.118765 0.107829 0.379426 0.132954 0.981793 -0.135670 86.119949 -0.089753 0.148249 0.984869 -2.289500 0.000000 0.000000 0.000000 1.000000
0.985414 -0.114831 0.125595 0.143612 0.134279 0.978053 -0.159313 85.561058 -0.104544 0.173854 0.979207 -2.129964 0.000000 0.000000 0.000000 1.000000
0.987907 -0.071016 0.137829 0.209433 0.095812 0.978513 -0.182573 86.628586 -0.121902 0.193570 0.973484 -0.750446 0.000000 0.000000 0.000000 1.000000
0.988566 -0.026972 0.148355 0.453018 0.057100 0.977561 -0.202766 87.966476 -0.139557 0.208919 0.967924 1.165093 0.000000 0.000000 0.000000 1.000000
0.987878 -0.002721 0.155208 0.895188 0.037526 0.974379 -0.221761 89.745178 -0.150628 0.224898 0.962669 2.267743 0.000000 0.000000 0.000000 1.000000
0.988749 0.002577 0.149559 1.249472 0.032659 0.972009 -0.232661 92.205093 -0.145972 0.234928 0.960990 2.160074 0.000000 0.000000 0.000000 1.000000
0.990935 -0.002969 0.134310 1.391050 0.033821 0.973070 -0.228016 93.908638 -0.130016 0.230491 0.964349 2.608819 0.000000 0.000000 0.000000 1.000000
0.992233 -0.009684 0.124017 1.355829 0.035954 0.976739 -0.211395 94.530724 -0.119085 0.214212 0.969501 1.922295 0.000000 0.000000 0.000000 1.000000
0.992303 -0.012982 0.123152 1.233568 0.036513 0.980949 -0.190804 94.190445 -0.118329 0.193832 0.973872 1.894189 0.000000 0.000000 0.000000 1.000000
0.993190 -0.021800 0.114451 1.045570 0.041925 0.983407 -0.176502 92.909668 -0.108704 0.180098 0.977624 1.726266 0.000000 0.000000 0.000000 1.000000
0.996529 -0.022621 0.080118 0.800804 0.036222 0.984321 -0.172628 91.654305 -0.074956 0.174931 0.981723 1.188743 0.000000 0.000000 0.000000 1.000000
0.999686 -0.006730 0.024129 0.464760 0.010955 0.983700 -0.179483 90.094154 -0.022528 0.179691 0.983465 1.822138 0.000000 0.000000 0.000000 1.000000
0.999239 0.022676 -0.031729 0.264275 -0.028106 0.982746 -0.182813 88.595276 0.027036 0.183566 0.982636 1.096080 0.000000 0.000000 0.000000 1.000000
0.996674 0.050365 -0.064064 0.281064 -0.060310 0.984579 -0.164218 87.621696 0.054806 0.167536 0.984341 0.373835 0.000000 0.000000 0.000000 1.000000
0.994648 0.055029 -0.087443 0.202270 -0.067510 0.986848 -0.146876 87.582809 0.078211 0.151994 0.985282 1.183178 0.000000 0.000000 0.000000 1.000000</float_array>
        <technique_common>
          <accessor source="#mixamorig_Hips-Matrix-animation-output-transform-array" count="24" stride="16">
            <param type="float4x4"/>
          </accessor>
        </technique_common>
      </source>
      <source id="mixamorig_Hips-Interpolations">
        <Name_array id="mixamorig_Hips-Interpolations-array" count="24">
 LINEAR LINEAR LINEAR LINEAR LINEAR LINEAR LINEAR LINEAR LINEAR LINEAR LINEAR
LINEAR LINEAR LINEAR LINEAR LINEAR LINEAR LINEAR LINEAR LINEAR LINEAR LINEAR LINEAR
LINEAR</Name_array>
        <technique_common>
          <accessor source="#mixamorig_Hips-Interpolations-array" count="24">
            <param type="name"/>
          </accessor>
        </technique_common>
      </source>
      <sampler id="mixamorig_Hips-Matrix-animation-transform">
        <input semantic="INPUT" source="#mixamorig_Hips-Matrix-animation-input"/>
        <input semantic="OUTPUT" source="#mixamorig_Hips-Matrix-animation-output-transform"/>
        <input semantic="INTERPOLATION" source="#mixamorig_Hips-Interpolations"/>
      </sampler>
      <channel source="#mixamorig_Hips-Matrix-animation-transform" target="mixamorig_Hips/matrix"/>
    </animation>
    <animation id="mixamorig_Spine-anim" name="mixamorig_Spine">
      <source id="mixamorig_Spine-Matrix-animation-input">
        <float_array id="mixamorig_Spine-Matrix-animation-input-array" count="24">

0.000000 0.033333 0.066667 0.100000 0.133333 0.166667 0.200000 0.233333 0.266667 0.300000 0.333333 0.366667 0.400000 0.433333 0.466667 0.500000
0.533333 0.566667 0.600000 0.633333 0.666667 0.700000 0.733333 0.766667</float_array>
        <technique_common>
          <accessor source="#mixamorig_Spine-Matrix-animation-input-array" count="24">
            <param name="TIME" type="float"/>
          </accessor>
        </technique_common>
      </source>
      <source id="mixamorig_Spine-Matrix-animation-output-transform">
        <float_array id="mixamorig_Spine-Matrix-animation-output-transform-array" count="384">

0.972958 -0.023677 0.229764 0.000000 0.056308 0.989036 -0.136519 10.369300 -0.224012 0.145764 0.963624 -1.024300 0.000000 0.000000 0.000000 1.000000
0.959526 0.015076 0.281218 0.000000 0.013732 0.994874 -0.100186 10.369300 -0.281286 0.099993 0.954400 -1.024300 0.000000 0.000000 0.000000 1.000000
0.951865 0.041080 0.303753 0.000000 -0.021550 0.997495 -0.067372 10.369300 -0.305760 0.057583 0.950366 -1.024300 0.000000 0.000000 0.000000 1.000000
0.948386 0.028525 0.315832 -0.000000 -0.017112 0.999098 -0.038852 10.369300 -0.316656 0.031442 0.948019 -1.024300 0.000000 0.000000 0.000000 1.000000
0.947226 0.005968 0.320511 -0.000000 0.004019 0.999527 -0.030490 10.369300 -0.320542 0.030169 0.946754 -1.024300 0.000000 0.000000 0.000000 1.000000
0.955649 0.007440 0.294415 0.000000 0.007801 0.998691 -0.050559 10.369300 -0.294406 0.050614 0.954339 -1.024300 0.000000 0.000000 0.000000 1.000000
0.971142 0.036894 0.235631 0.000000 -0.013920 0.995046 -0.098432 10.369300 -0.238095 0.092311 0.966845 -1.024300 0.000000 0.000000 0.000000 1.000000
0.984947 0.088116 0.148710 0.000000 -0.065816 0.986686 -0.148727 10.369300 -0.159836 0.136701 0.977633 -1.024300 0.000000 0.000000 0.000000 1.000000
0.988510 0.141910 0.052049 -0.000000 -0.130347 0.974653 -0.181827 10.369300 -0.076533 0.172954 0.981952 -1.024300 0.000000 0.000000 0.000000 1.000000
0.982751 0.179377 -0.044993 -0.000000 -0.184592 0.966243 -0.179722 10.369300 0.011237 0.184928 0.982688 -1.024300 0.000000 0.000000 0.000000 1.000000
0.973842 0.186944 -0.129164 0.000000 -0.203267 0.970788 -0.127491 10.369300 0.101557 0.150411 0.983393 -1.024300 0.000000 0.000000 0.000000 1.000000
0.964106 0.170181 -0.203810 0.000000 -0.183311 0.981919 -0.047236 10.369300 0.192086 0.082901 0.977870 -1.024300 0.000000 0.000000 0.000000 1.000000
0.950392 0.143153 -0.276157 0.000000 -0.139279 0.989680 0.033697 10.369300 0.278131 0.006437 0.960522 -1.024300 0.000000 0.000000 0.000000 1.000000
0.937259 0.120048 -0.327314 0.000000 -0.097676 0.991665 0.084018 10.369300 0.334672 -0.046776 0.941173 -1.024300 0.000000 0.000000 0.000000 1.000000
0.934381 0.105873 -0.340181 0.000000 -0.073840 0.991641 0.105808 10.369300 0.348540 -0.073746 0.934388 -1.024300 0.000000 0.000000 0.000000 1.000000
0.939247 0.099166 -0.328606 -0.000000 -0.064899 0.991395 0.113683 10.369300 0.337052 -0.085451 0.937600 -1.024300 0.000000 0.000000 0.000000 1.000000
0.945542 0.096877 -0.310750 0.000000 -0.069241 0.992697 0.098789 10.369300 0.318051 -0.071892 0.945344 -1.024300 0.000000 0.000000 0.000000 1.000000
0.953899 0.085070 -0.287818 0.000000 -0.069434 0.995523 0.064126 10.369300 0.291984 -0.041185 0.955536 -1.024300 0.000000 0.000000 0.000000 1.000000
0.967440 0.074455 -0.241900 0.000000 -0.070656 0.997203 0.024354 10.369300 0.243037 -0.006469 0.969995 -1.024300 0.000000 0.000000 0.000000 1.000000
0.984994 0.057825 -0.162612 0.000000 -0.063048 0.997641 -0.027142 10.369300 0.160659 0.036987 0.986317 -1.024300 0.000000 0.000000 0.000000 1.000000
0.997509 0.027220 -0.065071 -0.000000 -0.032096 0.996659 -0.075110 10.369300 0.062809 0.077012 0.995050 -1.024300 0.000000 0.000000 0.000000 1.000000
0.999480 -0.011348 0.030167 0.000000 0.014491 0.994249 -0.106110 10.369300 -0.028789 0.106492 0.993897 -1.024300 0.000000 0.000000 0.000000 1.000000
0.992684 -0.038265 0.114515 0.000000 0.053004 0.990283 -0.128569 10.369300 -0.108483 0.133698 0.985067 -1.024300 0.000000 0.000000 0.000000 1.000000
0.980412 -0.036179 0.193609 0.000000 0.064536 0.987728 -0.142225 10.369300 -0.186087 0.151934 0.970715 -1.024300 0.000000 0.000000 0.000000 1.000000</float_array>
        <technique_common>
          <accessor source="#mixamorig_Spine-Matrix-animation-output-transform-array" count="24" stride="16">
            <param type="float4x4"/>
          </accessor>
        </technique_common>
      </source>
      <source id="mixamorig_Spine-Interpolations">
        <Name_array id="mixamorig_Spine-Interpolations-array" count="24">
 LINEAR LINEAR LINEAR LINEAR LINEAR LINEAR LINEAR LINEAR LINEAR LINEAR LINEAR
LINEAR LINEAR LINEAR LINEAR LINEAR LINEAR LINEAR LINEAR LINEAR LINEAR LINEAR LINEAR
LINEAR</Name_array>
        <technique_common>
          <accessor source="#mixamorig_Spine-Interpolations-array" count="24">
            <param type="name"/>
          </accessor>
        </technique_common>
      </source>
      <sampler id="mixamorig_Spine-Matrix-animation-transform">
        <input semantic="INPUT" source="#mixamorig_Spine-Matrix-animation-input"/>
        <input semantic="OUTPUT" source="#mixamorig_Spine-Matrix-animation-output-transform"/>
        <input semantic="INTERPOLATION" source="#mixamorig_Spine-Interpolations"/>
      </sampler>
      <channel source="#mixamorig_Spine-Matrix-animation-transform" target="mixamorig_Spine/matrix"/>
    </animation>
    <animation id="mixamorig_Spine1-anim" name="mixamorig_Spine1">
      <source id="mixamorig_Spine1-Matrix-animation-input">
        <float_array id="mixamorig_Spine1-Matrix-animation-input-array" count="24">

0.000000 0.033333 0.066667 0.100000 0.133333 0.166667 0.200000 0.233333 0.266667 0.300000 0.333333 0.366667 0.400000 0.433333 0.466667 0.500000
0.533333 0.566667 0.600000 0.633333 0.666667 0.700000 0.733333 0.766667</float_array>
        <technique_common>
          <accessor source="#mixamorig_Spine1-Matrix-animation-input-array" count="24">
            <param name="TIME" type="float"/>
          </accessor>
        </technique_common>
      </source>
      <source id="mixamorig_Spine1-Matrix-animation-output-transform">
        <float_array id="mixamorig_Spine1-Matrix-animation-output-transform-array" count="384">

0.999463 -0.017917 0.027420 0.000000 0.016761 0.998985 0.041815 12.156400 -0.028141 -0.041333 0.998749 0.000000 0.000000 0.000000 0.000000 1.000000
0.999306 -0.011098 0.035553 -0.000000 0.010084 0.999541 0.028573 12.156400 -0.035854 -0.028195 0.998959 0.000000 0.000000 0.000000 0.000000 1.000000
0.999161 -0.001093 0.040950 -0.000000 0.000528 0.999905 0.013795 12.156400 -0.040961 -0.013762 0.999066 -0.000000 0.000000 0.000000 0.000000 1.000000
0.998924 0.011484 0.044924 0.000000 -0.011512 0.999934 0.000371 12.156400 -0.044917 -0.000888 0.998990 0.000000 0.000000 0.000000 0.000000 1.000000
0.998735 0.018665 0.046693 -0.000000 -0.018311 0.999800 -0.007995 12.156400 -0.046833 0.007130 0.998877 0.000000 0.000000 0.000000 0.000000 1.000000
0.999022 0.013668 0.042043 0.000000 -0.013172 0.999841 -0.012052 12.156400 -0.042201 0.011486 0.999043 -0.000000 0.000000 0.000000 0.000000 1.000000
0.999501 -0.002553 0.031478 0.000000 0.002606 0.999995 -0.001648 12.156400 -0.031474 0.001729 0.999503 0.000000 0.000000 0.000000 0.000000 1.000000
0.999600 -0.022484 0.017155 -0.000000 0.022096 0.999503 0.022503 12.156400 -0.017653 -0.022115 0.999600 0.000000 0.000000 0.000000 0.000000 1.000000
0.999184 -0.040321 0.002346 0.000000 0.040189 0.998327 0.041566 12.156400 -0.004018 -0.041438 0.999133 0.000000 0.000000 0.000000 0.000000 1.000000
0.998781 -0.048219 -0.010534 -0.000000 0.048611 0.997985 0.040780 12.156400 0.008546 -0.041243 0.999113 0.000000 0.000000 0.000000 0.000000 1.000000
0.998082 -0.057532 -0.022864 0.000000 0.057924 0.998178 0.016878 12.156400 0.021851 -0.018170 0.999596 0.000000 0.000000 0.000000 0.000000 1.000000
0.996995 -0.068819 -0.035579 0.000000 0.068095 0.997455 -0.021154 12.156400 0.036944 0.018667 0.999143 0.000000 0.000000 0.000000 0.000000 1.000000
0.996287 -0.072445 -0.046508 -0.000000 0.070221 0.996386 -0.047795 12.156400 0.049803 0.044352 0.997774 0.000000 0.000000 0.000000 0.000000 1.000000
0.996049 -0.071262 -0.052989 0.000000 0.068202 0.996015 -0.057466 12.156400 0.056873 0.053625 0.996940 0.000000 0.000000 0.000000 0.000000 1.000000
0.996046 -0.070550 -0.053990 -0.000000 0.067134 0.995773 -0.062676 12.156400 0.058183 0.058804 0.996573 0.000000 0.000000 0.000000 0.000000 1.000000
0.996232 -0.069939 -0.051295 0.000000 0.066354 0.995439 -0.068541 12.156400 0.055855 0.064879 0.996329 0.000000 0.000000 0.000000 0.000000 1.000000
0.996022 -0.074368 -0.049094 0.000000 0.070980 0.995192 -0.067487 12.156400 0.053877 0.063734 0.996512 0.000000 0.000000 0.000000 0.000000 1.000000
0.996076 -0.075319 -0.046476 0.000000 0.072598 0.995691 -0.057697 12.156400 0.050621 0.054097 0.997252 0.000000 0.000000 0.000000 0.000000 1.000000
0.996759 -0.069837 -0.039935 0.000000 0.068070 0.996709 -0.044017 12.156400 0.042878 0.041156 0.998232 0.000000 0.000000 0.000000 0.000000 1.000000
0.997766 -0.060115 -0.029157 0.000000 0.059345 0.997883 -0.026588 12.156400 0.030693 0.024798 0.999221 -0.000000 0.000000 0.000000 0.000000 1.000000
0.998739 -0.047816 -0.015327 0.000000 0.047757 0.998850 -0.004206 12.156400 0.015511 0.003468 0.999874 0.000000 0.000000 0.000000 0.000000 1.000000
0.999262 -0.038366 -0.001651 -0.000000 0.038387 0.999145 0.015344 12.156400 0.001061 -0.015396 0.999881 0.000000 0.000000 0.000000 0.000000 1.000000
0.999494 -0.030147 0.010165 0.000000 0.029842 0.999137 0.028905 12.156400 -0.011028 -0.028587 0.999530 -0.000000 0.000000 0.000000 0.000000 1.000000
0.999526 -0.021530 0.021990 -0.000000 0.020614 0.998944 0.041051 12.156400 -0.022851 -0.040579 0.998915 0.000000 0.000000 0.000000 0.000000 1.000000</float_array>
        <technique_common>
          <accessor source="#mixamorig_Spine1-Matrix-animation-output-transform-array" count="24" stride="16">
            <param type="float4x4"/>
          </accessor>
        </technique_common>
      </source>
      <source id="mixamorig_Spine1-Interpolations">
        <Name_array id="mixamorig_Spine1-Interpolations-array" count="24">
 LINEAR LINEAR LINEAR LINEAR LINEAR LINEAR LINEAR LINEAR LINEAR LINEAR LINEAR
LINEAR LINEAR LINEAR LINEAR LINEAR LINEAR LINEAR LINEAR LINEAR LINEAR LINEAR LINEAR
LINEAR</Name_array>
        <technique_common>
          <accessor source="#mixamorig_Spine1-Interpolations-array" count="24">
            <param type="name"/>
          </accessor>
        </technique_common>
      </source>
      <sampler id="mixamorig_Spine1-Matrix-animation-transform">
        <input semantic="INPUT" source="#mixamorig_Spine1-Matrix-animation-input"/>
        <input semantic="OUTPUT" source="#mixamorig_Spine1-Matrix-animation-output-transform"/>
        <input semantic="INTERPOLATION" source="#mixamorig_Spine1-Interpolations"/>
      </sampler>
      <channel source="#mixamorig_Spine1-Matrix-animation-transform" target="mixamorig_Spine1/matrix"/>
    </animation>
    <animation id="mixamorig_Spine2-anim" name="mixamorig_Spine2">
      <source id="mixamorig_Spine2-Matrix-animation-input">
        <float_array id="mixamorig_Spine2-Matrix-animation-input-array" count="24">

0.000000 0.033333 0.066667 0.100000 0.133333 0.166667 0.200000 0.233333 0.266667 0.300000 0.333333 0.366667 0.400000 0.433333 0.466667 0.500000
0.533333 0.566667 0.600000 0.633333 0.666667 0.700000 0.733333 0.766667</float_array>
        <technique_common>
          <accessor source="#mixamorig_Spine2-Matrix-animation-input-array" count="24">
            <param name="TIME" type="float"/>
          </accessor>
        </technique_common>
      </source>
      <source id="mixamorig_Spine2-Matrix-animation-output-transform">
        <float_array id="mixamorig_Spine2-Matrix-animation-output-transform-array" count="384">

0.999486 -0.016155 0.027674 0.000000 0.015007 0.999039 0.041184 13.893000 -0.028312 -0.040748 0.998768 0.000000 0.000000 0.000000 0.000000 1.000000
0.999329 -0.009098 0.035470 -0.000000 0.008087 0.999560 0.028545 13.893000 -0.035715 -0.028239 0.998963 0.000000 0.000000 0.000000 0.000000 1.000000
0.999179 0.000614 0.040511 0.000000 -0.001190 0.999899 0.014197 13.893000 -0.040498 -0.014234 0.999078 0.000000 0.000000 0.000000 0.000000 1.000000
0.998949 0.012421 0.044112 0.000000 -0.012445 0.999923 0.000268 13.893000 -0.044106 -0.000817 0.999027 0.000000 0.000000 0.000000 0.000000 1.000000
0.998785 0.018658 0.045622 0.000000 -0.018241 0.999788 -0.009524 13.893000 -0.045790 0.008680 0.998913 0.000000 0.000000 0.000000 0.000000 1.000000
0.999069 0.013050 0.041132 0.000000 -0.012490 0.999826 -0.013838 13.893000 -0.041305 0.013311 0.999058 0.000000 0.000000 0.000000 0.000000 1.000000
0.999519 -0.002459 0.030924 0.000000 0.002523 0.999995 -0.002022 13.893000 -0.030919 0.002099 0.999520 -0.000000 0.000000 0.000000 0.000000 1.000000
0.999627 -0.021525 0.016825 0.000000 0.021135 0.999511 0.023026 13.893000 -0.017312 -0.022661 0.999593 -0.000000 0.000000 0.000000 0.000000 1.000000
0.999184 -0.040355 0.001827 0.000000 0.040245 0.998332 0.041384 13.893000 -0.003494 -0.041276 0.999142 0.000000 0.000000 0.000000 0.000000 1.000000
0.998728 -0.049150 -0.011216 -0.000000 0.049543 0.998051 0.037933 13.893000 0.009330 -0.038440 0.999217 -0.000000 0.000000 0.000000 0.000000 1.000000
0.998083 -0.057657 -0.022489 0.000000 0.057799 0.998312 0.005719 13.893000 0.022121 -0.007008 0.999731 0.000000 0.000000 0.000000 0.000000 1.000000
0.997145 -0.067564 -0.033711 -0.000000 0.066088 0.996881 -0.043130 13.893000 0.036520 0.040779 0.998501 0.000000 0.000000 0.000000 0.000000 1.000000
0.996548 -0.070509 -0.043826 0.000000 0.066565 0.994093 -0.085724 13.893000 0.049611 0.082510 0.995355 0.000000 0.000000 0.000000 0.000000 1.000000
0.996409 -0.068175 -0.050215 0.000000 0.062304 0.991930 -0.110424 13.893000 0.057338 0.106899 0.992615 -0.000000 0.000000 0.000000 0.000000 1.000000
0.996485 -0.066014 -0.051573 0.000000 0.059266 0.990647 -0.122907 13.893000 0.059204 0.119418 0.991077 0.000000 0.000000 0.000000 0.000000 1.000000
0.996643 -0.064982 -0.049804 -0.000000 0.058083 0.989907 -0.129272 13.893000 0.057701 0.125945 0.990358 0.000000 0.000000 0.000000 0.000000 1.000000
0.996386 -0.070271 -0.047709 -0.000000 0.063949 0.990331 -0.123106 13.893000 0.055899 0.119611 0.991246 -0.000000 0.000000 0.000000 0.000000 1.000000
0.996435 -0.071378 -0.044962 0.000000 0.066534 0.992627 -0.101312 13.893000 0.051862 0.097959 0.993838 0.000000 0.000000 0.000000 0.000000 1.000000
0.997036 -0.066473 -0.038727 -0.000000 0.063597 0.995427 -0.071276 13.893000 0.043287 0.068602 0.996705 0.000000 0.000000 0.000000 0.000000 1.000000
0.997851 -0.059045 -0.028401 0.000000 0.057940 0.997587 -0.038260 13.893000 0.030592 0.036533 0.998864 0.000000 0.000000 0.000000 0.000000 1.000000
0.998685 -0.049007 -0.015057 0.000000 0.048922 0.998785 -0.006001 13.893000 0.015333 0.005256 0.999869 -0.000000 0.000000 0.000000 0.000000 1.000000
0.999219 -0.039500 -0.001285 -0.000000 0.039516 0.999088 0.016148 13.893000 0.000646 -0.016186 0.999869 0.000000 0.000000 0.000000 0.000000 1.000000
0.999495 -0.029856 0.010873 0.000000 0.029533 0.999152 0.028694 13.893000 -0.011721 -0.028358 0.999529 0.000000 0.000000 0.000000 0.000000 1.000000
0.999544 -0.020145 0.022474 0.000000 0.019227 0.999002 0.040320 13.893000 -0.023264 -0.039870 0.998934 0.000000 0.000000 0.000000 0.000000 1.000000</float_array>
        <technique_common>
          <accessor source="#mixamorig_Spine2-Matrix-animation-output-transform-array" count="24" stride="16">
            <param type="float4x4"/>
          </accessor>
        </technique_common>
      </source>
      <source id="mixamorig_Spine2-Interpolations">
        <Name_array id="mixamorig_Spine2-Interpolations-array" count="24">
 LINEAR LINEAR LINEAR LINEAR LINEAR LINEAR LINEAR LINEAR LINEAR LINEAR LINEAR
LINEAR LINEAR LINEAR LINEAR LINEAR LINEAR LINEAR LINEAR LINEAR LINEAR LINEAR LINEAR
LINEAR</Name_array>
        <technique_common>
          <accessor source="#mixamorig_Spine2-Interpolations-array" count="24">
            <param type="name"/>
          </accessor>
        </technique_common>
      </source>
      <sampler id="mixamorig_Spine2-Matrix-animation-transform">
        <input semantic="INPUT" source="#mixamorig_Spine2-Matrix-animation-input"/>
        <input semantic="OUTPUT" source="#mixamorig_Spine2-Matrix-animation-output-transform"/>
        <input semantic="INTERPOLATION" source="#mixamorig_Spine2-Interpolations"/>
      </sampler>
      <channel source="#mixamorig_Spine2-Matrix-animation-transform" target="mixamorig_Spine2/matrix"/>
    </animation>
    <animation id="mixamorig_Neck-anim" name="mixamorig_Neck">
      <source id="mixamorig_Neck-Matrix-animation-input">
        <float_array id="mixamorig_Neck-Matrix-animation-input-array" count="24">

0.000000 0.033333 0.066667 0.100000 0.133333 0.166667 0.200000 0.233333 0.266667 0.300000 0.333333 0.366667 0.400000 0.433333 0.466667 0.500000
0.533333 0.566667 0.600000 0.633333 0.666667 0.700000 0.733333 0.766667</float_array>
        <technique_common>
          <accessor source="#mixamorig_Neck-Matrix-animation-input-array" count="24">
            <param name="TIME" type="float"/>
          </accessor>
        </technique_common>
      </source>
      <source id="mixamorig_Neck-Matrix-animation-output-transform">
        <float_array id="mixamorig_Neck-Matrix-animation-output-transform-array" count="384">

0.998267 0.043917 -0.039178 0.000000 -0.052164 0.968493 -0.243517 15.629600 0.027249 0.245139 0.969105 -0.000000 0.000000 0.000000 0.000000 1.000000
0.998374 0.028718 -0.049236 -0.000000 -0.039918 0.968874 -0.244313 15.629600 0.040687 0.245882 0.968446 0.000000 0.000000 0.000000 0.000000 1.000000
0.998140 0.020866 -0.057286 -0.000000 -0.033522 0.972662 -0.229795 15.629600 0.050925 0.231287 0.971552 0.000000 0.000000 0.000000 0.000000 1.000000
0.997867 0.016649 -0.063128 0.000000 -0.029479 0.977658 -0.208124 15.629600 0.058253 0.209541 0.976063 0.000000 0.000000 0.000000 0.000000 1.000000
0.997752 0.012757 -0.065796 -0.000000 -0.025627 0.979734 -0.198658 15.629600 0.061929 0.199897 0.977858 0.000000 0.000000 0.000000 0.000000 1.000000
0.997665 0.023191 -0.064238 -0.000000 -0.035862 0.978362 -0.203767 15.629600 0.058122 0.205595 0.976910 0.000000 0.000000 0.000000 0.000000 1.000000
0.997168 0.046655 -0.058988 0.000000 -0.058274 0.975128 -0.213844 15.629600 0.047544 0.216675 0.975085 0.000000 0.000000 0.000000 0.000000 1.000000
0.997096 0.057790 -0.049598 0.000000 -0.067394 0.972878 -0.221285 15.629600 0.035465 0.223985 0.973947 -0.000000 0.000000 0.000000 0.000000 1.000000
0.997711 0.057093 -0.036237 0.000000 -0.063600 0.974315 -0.216020 15.629600 0.022973 0.217830 0.975716 -0.000000 0.000000 0.000000 0.000000 1.000000
0.998833 0.044707 -0.018281 -0.000000 -0.047592 0.975561 -0.214511 15.629600 0.008244 0.215131 0.976551 0.000000 0.000000 0.000000 0.000000 1.000000
0.999571 0.029284 0.000279 0.000000 -0.028557 0.976769 -0.212386 15.629600 -0.006492 0.212287 0.977186 0.000000 0.000000 0.000000 0.000000 1.000000
0.999177 0.038553 0.012576 -0.000000 -0.035559 0.982030 -0.185347 15.629600 -0.019496 0.184747 0.982593 0.000000 0.000000 0.000000 0.000000 1.000000
0.998333 0.052170 0.024678 0.000000 -0.048070 0.988311 -0.144674 15.629600 -0.031937 0.143247 0.989172 0.000000 0.000000 0.000000 0.000000 1.000000
0.997855 0.053824 0.037256 0.000000 -0.049066 0.991730 -0.118590 15.629600 -0.043330 0.116507 0.992244 0.000000 0.000000 0.000000 0.000000 1.000000
0.997692 0.053941 0.041232 0.000000 -0.048731 0.991779 -0.118318 15.629600 -0.047275 0.116035 0.992119 0.000000 0.000000 0.000000 0.000000 1.000000
0.997481 0.059495 0.038634 0.000000 -0.053617 0.988903 -0.138548 15.629600 -0.046448 0.136128 0.989602 -0.000000 0.000000 0.000000 0.000000 1.000000
0.997429 0.062412 0.035216 0.000000 -0.056632 0.987615 -0.146319 15.629600 -0.043912 0.143949 0.988610 0.000000 0.000000 0.000000 0.000000 1.000000
0.997770 0.059538 0.030169 -0.000000 -0.054510 0.987715 -0.146448 15.629600 -0.038518 0.144477 0.988758 0.000000 0.000000 0.000000 0.000000 1.000000
0.997972 0.059535 0.022518 -0.000000 -0.055438 0.986816 -0.152055 15.629600 -0.031274 0.150498 0.988116 0.000000 0.000000 0.000000 0.000000 1.000000
0.997734 0.066039 0.012860 -0.000000 -0.063096 0.984789 -0.161895 15.629600 -0.023356 0.160717 0.986724 0.000000 0.000000 0.000000 0.000000 1.000000
0.996905 0.078599 0.001785 0.000000 -0.077022 0.980954 -0.178318 15.629600 -0.015767 0.177628 0.983971 -0.000000 0.000000 0.000000 0.000000 1.000000
0.996310 0.085382 -0.008774 0.000000 -0.085511 0.978565 -0.187345 15.629600 -0.007410 0.187404 0.982255 0.000000 0.000000 0.000000 0.000000 1.000000
0.996899 0.076109 -0.020006 0.000000 -0.078595 0.975699 -0.204535 15.629600 0.003953 0.205473 0.978655 0.000000 0.000000 0.000000 0.000000 1.000000
0.997962 0.054729 -0.032822 0.000000 -0.060900 0.970448 -0.233500 15.629600 0.019072 0.235023 0.971803 0.000000 0.000000 0.000000 0.000000 1.000000</float_array>
        <technique_common>
          <accessor source="#mixamorig_Neck-Matrix-animation-output-transform-array" count="24" stride="16">
            <param type="float4x4"/>
          </accessor>
        </technique_common>
      </source>
      <source id="mixamorig_Neck-Interpolations">
        <Name_array id="mixamorig_Neck-Interpolations-array" count="24">
 LINEAR LINEAR LINEAR LINEAR LINEAR LINEAR LINEAR LINEAR LINEAR LINEAR LINEAR
LINEAR LINEAR LINEAR LINEAR LINEAR LINEAR LINEAR LINEAR LINEAR LINEAR LINEAR LINEAR
LINEAR</Name_array>
        <technique_common>
          <accessor source="#mixamorig_Neck-Interpolations-array" count="24">
            <param type="name"/>
          </accessor>
        </technique_common>
      </source>
      <sampler id="mixamorig_Neck-Matrix-animation-transform">
        <input semantic="INPUT" source="#mixamorig_Neck-Matrix-animation-input"/>
        <input semantic="OUTPUT" source="#mixamorig_Neck-Matrix-animation-output-transform"/>
        <input semantic="INTERPOLATION" source="#mixamorig_Neck-Interpolations"/>
      </sampler>
      <channel source="#mixamorig_Neck-Matrix-animation-transform" target="mixamorig_Neck/matrix"/>
    </animation>
    <animation id="mixamorig_Head-anim" name="mixamorig_Head">
      <source id="mixamorig_Head-Matrix-animation-input">
        <float_array id="mixamorig_Head-Matrix-animation-input-array" count="24">

0.000000 0.033333 0.066667 0.100000 0.133333 0.166667 0.200000 0.233333 0.266667 0.300000 0.333333 0.366667 0.400000 0.433333 0.466667 0.500000
0.533333 0.566667 0.600000 0.633333 0.666667 0.700000 0.733333 0.766667</float_array>
        <technique_common>
          <accessor source="#mixamorig_Head-Matrix-animation-input-array" count="24">
            <param name="TIME" type="float"/>
          </accessor>
        </technique_common>
      </source>
      <source id="mixamorig_Head-Matrix-animation-output-transform">
        <float_array id="mixamorig_Head-Matrix-animation-output-transform-array" count="384">

0.993822 -0.014052 -0.110092 0.000000 0.052083 0.934992 0.350823 5.483300 0.098005 -0.354390 0.929948 1.543400 0.000000 0.000000 0.000000 1.000000
0.985224 -0.023206 -0.169689 0.000000 0.077145 0.944708 0.318710 5.483300 0.152910 -0.327092 0.932539 1.543400 0.000000 0.000000 0.000000 1.000000
0.976270 -0.031986 -0.214182 0.000000 0.095078 0.951919 0.291221 5.483300 0.194569 -0.304674 0.932371 1.543400 0.000000 0.000000 0.000000 1.000000
0.969773 -0.035827 -0.241363 0.000000 0.104284 0.955127 0.277231 5.483300 0.220600 -0.294022 0.929993 1.543400 0.000000 0.000000 0.000000 1.000000
0.967183 -0.036242 -0.251485 0.000000 0.109227 0.952956 0.282745 5.483300 0.229407 -0.300935 0.925641 1.543400 0.000000 0.000000 0.000000 1.000000
0.968505 -0.042684 -0.245307 0.000000 0.117584 0.946827 0.299487 5.483300 0.219480 -0.318899 0.922026 1.543400 0.000000 0.000000 0.000000 1.000000
0.973059 -0.050419 -0.224974 -0.000000 0.122412 0.939876 0.318823 5.483300 0.195373 -0.337774 0.920727 1.543400 0.000000 0.000000 0.000000 1.000000
0.981476 -0.045375 -0.186133 0.000000 0.107242 0.935195 0.337506 5.483300 0.158756 -0.351215 0.922737 1.543400 0.000000 0.000000 0.000000 1.000000
0.990078 -0.039195 -0.134945 0.000000 0.086063 0.928267 0.361820 5.483300 0.111083 -0.369843 0.922430 1.543400 0.000000 0.000000 0.000000 1.000000
0.996771 -0.038355 -0.070548 0.000000 0.062695 0.920669 0.385277 5.483300 0.050175 -0.388456 0.920100 1.543400 0.000000 0.000000 0.000000 1.000000
0.999710 -0.022245 0.009266 0.000000 0.016923 0.921843 0.387193 5.483300 -0.017155 -0.386924 0.921952 1.543400 0.000000 0.000000 0.000000 1.000000
0.995086 -0.009987 0.098506 -0.000000 -0.025973 0.933727 0.357041 5.483300 -0.095543 -0.357845 0.928880 1.543400 0.000000 0.000000 0.000000 1.000000
0.984539 0.000489 0.175163 0.000000 -0.053846 0.952420 0.299993 5.483300 -0.166683 -0.304787 0.937722 1.543400 0.000000 0.000000 0.000000 1.000000
0.976007 0.010435 0.217491 0.000000 -0.066585 0.965305 0.252493 5.483300 -0.207310 -0.260917 0.942839 1.543400 0.000000 0.000000 0.000000 1.000000
0.973528 0.018958 0.227781 0.000000 -0.076802 0.965744 0.247871 5.483300 -0.215279 -0.258803 0.941635 1.543400 0.000000 0.000000 0.000000 1.000000
0.975709 0.028783 0.217172 0.000000 -0.090123 0.956298 0.278157 5.483300 -0.199675 -0.290972 0.935663 1.543400 0.000000 0.000000 0.000000 1.000000
0.978740 0.040155 0.201138 0.000000 -0.101795 0.946448 0.306388 5.483300 -0.178064 -0.320349 0.930414 1.543400 0.000000 0.000000 0.000000 1.000000
0.982782 0.049093 0.178127 -0.000000 -0.106129 0.939146 0.326714 5.483300 -0.151248 -0.339993 0.928186 1.543400 0.000000 0.000000 0.000000 1.000000
0.988373 0.051385 0.143105 -0.000000 -0.097437 0.936571 0.336662 5.483300 -0.116728 -0.346691 0.930688 1.543400 0.000000 0.000000 0.000000 1.000000
0.994062 0.043428 0.099777 -0.000000 -0.075179 0.936993 0.341164 5.483300 -0.078674 -0.346639 0.934693 1.543400 0.000000 0.000000 0.000000 1.000000
0.997913 0.026498 0.058879 0.000000 -0.045527 0.935399 0.350651 5.483300 -0.045784 -0.352599 0.934654 1.543400 0.000000 0.000000 0.000000 1.000000
0.999629 0.011693 0.024613 0.000000 -0.019747 0.933270 0.358634 5.483300 -0.018777 -0.358986 0.933154 1.543400 0.000000 0.000000 0.000000 1.000000
0.999861 0.001060 -0.016654 0.000000 0.005130 0.930136 0.367180 5.483300 0.015879 -0.367215 0.930001 1.543400 0.000000 0.000000 0.000000 1.000000
0.997022 -0.009250 -0.076561 0.000000 0.036467 0.931320 0.362371 5.483300 0.067951 -0.364084 0.928884 1.543400 0.000000 0.000000 0.000000 1.000000</float_array>
        <technique_common>
          <accessor source="#mixamorig_Head-Matrix-animation-output-transform-array" count="24" stride="16">
            <param type="float4x4"/>
          </accessor>
        </technique_common>
      </source>
      <source id="mixamorig_Head-Interpolations">
        <Name_array id="mixamorig_Head-Interpolations-array" count="24">
 LINEAR LINEAR LINEAR LINEAR LINEAR LINEAR LINEAR LINEAR LINEAR LINEAR LINEAR
LINEAR LINEAR LINEAR LINEAR LINEAR LINEAR LINEAR LINEAR LINEAR LINEAR LINEAR LINEAR
LINEAR</Name_array>
        <technique_common>
          <accessor source="#mixamorig_Head-Interpolations-array" count="24">
            <param type="name"/>
          </accessor>
        </technique_common>
      </source>
      <sampler id="mixamorig_Head-Matrix-animation-transform">
        <input semantic="INPUT" source="#mixamorig_Head-Matrix-animation-input"/>
        <input semantic="OUTPUT" source="#mixamorig_Head-Matrix-animation-output-transform"/>
        <input semantic="INTERPOLATION" source="#mixamorig_Head-Interpolations"/>
      </sampler>
      <channel source="#mixamorig_Head-Matrix-animation-transform" target="mixamorig_Head/matrix"/>
    </animation>
    <animation id="mixamorig_LeftShoulder-anim" name="mixamorig_LeftShoulder">
      <source id="mixamorig_LeftShoulder-Matrix-animation-input">
        <float_array id="mixamorig_LeftShoulder-Matrix-animation-input-array" count="24">

0.000000 0.033333 0.066667 0.100000 0.133333 0.166667 0.200000 0.233333 0.266667 0.300000 0.333333 0.366667 0.400000 0.433333 0.466667 0.500000
0.533333 0.566667 0.600000 0.633333 0.666667 0.700000 0.733333 0.766667</float_array>
        <technique_common>
          <accessor source="#mixamorig_LeftShoulder-Matrix-animation-input-array" count="24">
            <param name="TIME" type="float"/>
          </accessor>
        </technique_common>
      </source>
      <source id="mixamorig_LeftShoulder-Matrix-animation-output-transform">
        <float_array id="mixamorig_LeftShoulder-Matrix-animation-output-transform-array" count="384">

0.115757 0.940167 -0.320447 6.321200 0.045916 -0.327336 -0.943792 13.842200 -0.992216 0.094537 -0.081060 -0.206900 0.000000 0.000000 0.000000 1.000000
0.112720 0.945276 -0.306182 6.321200 0.044175 -0.312609 -0.948854 13.842200 -0.992644 0.093429 -0.076995 -0.206900 0.000000 0.000000 0.000000 1.000000
0.108912 0.950125 -0.292234 6.321200 0.042469 -0.298162 -0.953570 13.842200 -0.993144 0.091445 -0.072824 -0.206900 0.000000 0.000000 0.000000 1.000000
0.106156 0.952386 -0.285819 6.321200 0.041773 -0.291461 -0.955670 13.842200 -0.993472 0.089511 -0.070724 -0.206900 0.000000 0.000000 0.000000 1.000000
0.109683 0.947004 -0.301916 6.321200 0.044615 -0.308133 -0.950297 13.842200 -0.992965 0.090762 -0.076048 -0.206900 0.000000 0.000000 0.000000 1.000000
0.118989 0.936621 -0.329520 6.321200 0.049727 -0.337083 -0.940161 13.842200 -0.991650 0.095483 -0.086684 -0.206900 0.000000 0.000000 0.000000 1.000000
0.137109 0.921514 -0.363336 6.321200 0.055950 -0.373419 -0.925974 13.842200 -0.988975 0.106630 -0.102758 -0.206900 0.000000 0.000000 0.000000 1.000000
0.156110 0.906857 -0.391459 6.321200 0.060911 -0.404402 -0.912551 13.842200 -0.985860 0.118614 -0.118368 -0.206900 0.000000 0.000000 0.000000 1.000000
0.158320 0.902398 -0.400766 6.321200 0.061451 -0.414103 -0.908153 13.842200 -0.985474 0.119151 -0.121014 -0.206900 0.000000 0.000000 0.000000 1.000000
0.133744 0.913837 -0.383425 6.321200 0.054986 -0.393147 -0.917830 13.842200 -0.989489 0.101672 -0.102829 -0.206900 0.000000 0.000000 0.000000 1.000000
0.097096 0.931422 -0.350750 6.321200 0.044451 -0.356122 -0.933382 13.842200 -0.994282 0.075036 -0.075980 -0.206900 0.000000 0.000000 0.000000 1.000000
0.062923 0.948433 -0.310668 6.321200 0.035185 -0.313200 -0.949035 13.842200 -0.997398 0.048786 -0.053078 -0.206900 0.000000 0.000000 0.000000 1.000000
0.036372 0.962626 -0.268380 6.321200 0.027220 -0.269413 -0.962640 13.842200 -0.998968 0.027708 -0.036001 -0.206900 0.000000 0.000000 0.000000 1.000000
0.020922 0.969939 -0.242446 6.321200 0.021772 -0.242884 -0.969811 13.842200 -0.999544 0.015012 -0.026199 -0.206900 0.000000 0.000000 0.000000 1.000000
0.019953 0.971344 -0.236838 6.321200 0.021294 -0.237244 -0.971217 13.842200 -0.999574 0.014335 -0.025418 -0.206900 0.000000 0.000000 0.000000 1.000000
0.031570 0.969099 -0.244645 6.321200 0.024653 -0.245448 -0.969096 13.842200 -0.999197 0.024563 -0.031640 -0.206900 0.000000 0.000000 0.000000 1.000000
0.050420 0.964126 -0.260611 6.321200 0.030159 -0.262294 -0.964517 13.842200 -0.998273 0.040772 -0.042302 -0.206900 0.000000 0.000000 0.000000 1.000000
0.069001 0.957486 -0.280107 6.321200 0.035427 -0.282951 -0.958480 13.842200 -0.996987 0.056213 -0.053444 -0.206900 0.000000 0.000000 0.000000 1.000000
0.084718 0.949975 -0.300618 6.321200 0.039819 -0.304689 -0.951619 13.842200 -0.995609 0.068649 -0.063640 -0.206900 0.000000 0.000000 0.000000 1.000000
0.102527 0.940971 -0.322585 6.321200 0.044785 -0.328332 -0.943500 13.842200 -0.993722 0.082287 -0.075805 -0.206900 0.000000 0.000000 0.000000 1.000000
0.122440 0.929922 -0.346776 6.321200 0.050200 -0.354761 -0.933608 13.842200 -0.991206 0.096903 -0.090119 -0.206900 0.000000 0.000000 0.000000 1.000000
0.127617 0.926735 -0.353377 6.321200 0.051593 -0.362011 -0.930745 13.842200 -0.990481 0.100547 -0.094012 -0.206900 0.000000 0.000000 0.000000 1.000000
0.116416 0.933672 -0.338680 6.321200 0.048391 -0.345926 -0.937013 13.842200 -0.992021 0.092694 -0.085453 -0.206900 0.000000 0.000000 0.000000 1.000000
0.114296 0.938426 -0.326027 6.321200 0.046382 -0.332860 -0.941835 13.842200 -0.992363 0.092526 -0.081571 -0.206900 0.000000 0.000000 0.000000 1.000000</float_array>
        <technique_common>
          <accessor source="#mixamorig_LeftShoulder-Matrix-animation-output-transform-array" count="24" stride="16">
            <param type="float4x4"/>
          </accessor>
        </technique_common>
      </source>
      <source id="mixamorig_LeftShoulder-Interpolations">
        <Name_array id="mixamorig_LeftShoulder-Interpolations-array" count="24">
 LINEAR LINEAR LINEAR LINEAR LINEAR LINEAR LINEAR LINEAR LINEAR LINEAR LINEAR
LINEAR LINEAR LINEAR LINEAR LINEAR LINEAR LINEAR LINEAR LINEAR LINEAR LINEAR LINEAR
LINEAR</Name_array>
        <technique_common>
          <accessor source="#mixamorig_LeftShoulder-Interpolations-array" count="24">
            <param type="name"/>
          </accessor>
        </technique_common>
      </source>
      <sampler id="mixamorig_LeftShoulder-Matrix-animation-transform">
        <input semantic="INPUT" source="#mixamorig_LeftShoulder-Matrix-animation-input"/>
        <input semantic="OUTPUT" source="#mixamorig_LeftShoulder-Matrix-animation-output-transform"/>
        <input semantic="INTERPOLATION" source="#mixamorig_LeftShoulder-Interpolations"/>
      </sampler>
      <channel source="#mixamorig_LeftShoulder-Matrix-animation-transform" target="mixamorig_LeftShoulder/matrix"/>
    </animation>
