
<?xml version="1.0" encoding="utf-8"?>
<COLLADA xmlns="http://www.collada.org/2005/11/COLLADASchema" version="1.4.1">
  <asset>
    <contributor>
      <author>Mixamo</author>
      <authoring_tool>COLLADA Mixamo exporter</authoring_tool>
      <comments/>
    </contributor>
    <created>2025-11-19T16:44:32Z</created>
    <modified>2025-11-19T16:44:32Z</modified>
    <revision/>
    <title/>
    <unit meter="0.010000"/>
    <up_axis>Y_UP</up_axis>
  </asset>
  <library_animations>
    <animation id="mixamorig_Hips-anim" name="mixamorig_Hips">
      <source id="mixamorig_Hips-Matrix-animation-input">
        <float_array id="mixamorig_Hips-Matrix-animation-input-array" count="32">

0.000000 0.033333 0.066667 0.100000 0.133333 0.166667 0.200000 0.233333 0.266667 0.300000 0.333333 0.366667 0.400000 0.433333 0.466667 0.500000
0.533333 0.566667 0.600000 0.633333 0.666667 0.700000 0.733333 0.766667 0.800000 0.833333 0.866667 0.900000 0.933333 0.966667 1.000000 1.033333</float_array>
        <technique_common>
          <accessor source="#mixamorig_Hips-Matrix-animation-input-array" count="32">
            <param name="TIME" type="float"/>
          </accessor>
        </technique_common>
      </source>
      <source id="mixamorig_Hips-Matrix-animation-output-transform">
        <float_array id="mixamorig_Hips-Matrix-animation-output-transform-array" count="512">

0.991663 -0.079053 0.101762 -0.125502 0.061310 0.984049 0.166998 95.143730 -0.113340 -0.159367 0.980692 0.537450 0.000000 0.000000 0.000000 1.000000
0.995466 -0.086992 0.038460 0.012150 0.080887 0.987001 0.138873 95.702621 -0.050041 -0.135133 0.989563 0.412930 0.000000 0.000000 0.000000 1.000000
0.996274 -0.083132 -0.022951 0.278030 0.084999 0.991523 0.098268 95.808929 0.014587 -0.099852 0.994895 0.097709 0.000000 0.000000 0.000000 1.000000
0.994411 -0.069238 -0.079703 0.641437 0.073755 0.995748 0.055192 95.548340 0.075542 -0.060762 0.995290 -0.329477 0.000000 0.000000 0.000000 1.000000
0.990057 -0.048663 -0.131983 1.059150 0.052910 0.998182 0.028857 94.687317 0.130339 -0.035553 0.990832 -0.876225 0.000000 0.000000 0.000000 1.000000
0.985007 -0.026136 -0.170521 1.496382 0.029850 0.999369 0.019253 93.707573 0.169910 -0.024054 0.985166 -1.394404 0.000000 0.000000 0.000000 1.000000
0.983730 -0.013509 -0.179142 1.820021 0.016126 0.999783 0.013165 92.671577 0.178925 -0.015839 0.983735 -1.688904 0.000000 0.000000 0.000000 1.000000
0.985180 -0.014543 -0.170903 2.020602 0.014859 0.999889 0.000574 91.684860 0.170876 -0.003105 0.985288 -1.589828 0.000000 0.000000 0.000000 1.000000
0.986474 -0.023237 -0.162260 2.174492 0.018699 0.999392 -0.029437 91.056404 0.162846 0.026005 0.986309 -1.174749 0.000000 0.000000 0.000000 1.000000
0.989573 -0.037369 -0.139098 2.276493 0.031443 0.998512 -0.044563 90.656631 0.140556 0.039725 0.989275 -0.753419 0.000000 0.000000 0.000000 1.000000
0.992457 -0.049891 -0.111981 2.322459 0.048432 0.998703 -0.015710 90.126663 0.112619 0.010168 0.993586 -0.503391 0.000000 0.000000 0.000000 1.000000
0.991889 -0.055358 -0.114419 2.485214 0.061146 0.996988 0.047711 89.846657 0.111433 -0.054321 0.992286 -0.460205 0.000000 0.000000 0.000000 1.000000
0.990091 -0.054977 -0.129215 2.707992 0.071069 0.989805 0.123429 90.047630 0.121112 -0.131389 0.983905 -0.404766 0.000000 0.000000 0.000000 1.000000
0.991885 -0.053808 -0.115192 2.878587 0.075138 0.978964 0.189696 90.612770 0.102561 -0.196812 0.975062 -0.219888 0.000000 0.000000 0.000000 1.000000
0.996021 -0.051799 -0.072515 3.004291 0.067478 0.969886 0.234024 91.359657 0.058209 -0.237986 0.969523 0.110116 0.000000 0.000000 0.000000 1.000000
0.998604 -0.047653 -0.022777 3.146216 0.051907 0.965146 0.256515 92.356094 0.009760 -0.257339 0.966272 0.522432 0.000000 0.000000 0.000000 1.000000
0.998864 -0.039235 0.027032 3.350388 0.030698 0.963854 0.264658 93.450378 -0.036439 -0.263527 0.963963 0.909530 0.000000 0.000000 0.000000 1.000000
0.996625 -0.030214 0.076331 3.522476 0.009344 0.965518 0.260168 94.335556 -0.081560 -0.258577 0.962541 1.208353 0.000000 0.000000 0.000000 1.000000
0.992456 -0.028235 0.119307 3.552465 -0.000950 0.971319 0.237776 94.974915 -0.122599 -0.236096 0.963965 1.374473 0.000000 0.000000 0.000000 1.000000
0.987528 -0.036642 0.153119 3.409190 0.005251 0.979664 0.200575 95.216690 -0.157355 -0.197270 0.967638 1.390838 0.000000 0.000000 0.000000 1.000000
0.980977 -0.052865 0.186788 3.109501 0.023293 0.987308 0.157097 94.937904 -0.192723 -0.149757 0.969758 1.290879 0.000000 0.000000 0.000000 1.000000
0.972460 -0.068925 0.222646 2.710914 0.039675 0.990285 0.133275 94.346962 -0.229669 -0.120772 0.965747 0.986460 0.000000 0.000000 0.000000 1.000000
0.967033 -0.083297 0.240644 2.282391 0.045032 0.986033 0.160347 93.782120 -0.250640 -0.144224 0.957277 0.357803 0.000000 0.000000 0.000000 1.000000
0.966866 -0.094904 0.236987 1.853327 0.044599 0.976848 0.209233 93.195648 -0.251357 -0.191731 0.948714 -0.320633 0.000000 0.000000 0.000000 1.000000
0.966973 -0.100133 0.234386 1.393446 0.042611 0.970164 0.238675 92.653320 -0.251292 -0.220805 0.942389 -0.775357 0.000000 0.000000 0.000000 1.000000
0.968458 -0.095905 0.229980 0.990623 0.036566 0.967671 0.249551 92.200073 -0.246478 -0.233270 0.940656 -1.031594 0.000000 0.000000 0.000000 1.000000
0.972142 -0.092580 0.215334 0.672172 0.038024 0.968811 0.244867 91.826004 -0.231288 -0.229858 0.945342 -0.983943 0.000000 0.000000 0.000000 1.000000
0.976493 -0.089040 0.196301 0.314254 0.041622 0.971444 0.233589 91.768646 -0.211494 -0.219927 0.952314 -0.765722 0.000000 0.000000 0.000000 1.000000
0.981040 -0.084810 0.174265 -0.046646 0.045573 0.974906 0.217902 91.956581 -0.188373 -0.205829 0.960287 -0.472633 0.000000 0.000000 0.000000 1.000000
0.985326 -0.081741 0.149836 -0.251694 0.050762 0.978483 0.199987 92.658791 -0.162959 -0.189446 0.968274 -0.081253 0.000000 0.000000 0.000000 1.000000
0.988916 -0.080050 0.125049 -0.202389 0.056422 0.981641 0.182200 93.780319 -0.137338 -0.173125 0.975277 0.297203 0.000000 0.000000 0.000000 1.000000
0.991663 -0.079053 0.101762 -0.125500 0.061309 0.984049 0.166998 95.143715 -0.113341 -0.159367 0.980692 0.537451 0.000000 0.000000 0.000000 1.000000</float_array>
        <technique_common>
          <accessor source="#mixamorig_Hips-Matrix-animation-output-transform-array" count="32" stride="16">
            <param type="float4x4"/>
          </accessor>
        </technique_common>
      </source>
      <source id="mixamorig_Hips-Interpolations">
        <Name_array id="mixamorig_Hips-Interpolations-array" count="32">
 LINEAR LINEAR LINEAR LINEAR LINEAR LINEAR LINEAR LINEAR LINEAR LINEAR LINEAR
LINEAR LINEAR LINEAR LINEAR LINEAR LINEAR LINEAR LINEAR LINEAR LINEAR LINEAR LINEAR
LINEAR LINEAR LINEAR LINEAR LINEAR LINEAR LINEAR LINEAR LINEAR</Name_array>
        <technique_common>
          <accessor source="#mixamorig_Hips-Interpolations-array" count="32">
            <param type="name"/>
          </accessor>
        </technique_common>
      </source>
      <sampler id="mixamorig_Hips-Matrix-animation-transform">
        <input semantic="INPUT" source="#mixamorig_Hips-Matrix-animation-input"/>
        <input semantic="OUTPUT" source="#mixamorig_Hips-Matrix-animation-output-transform"/>
        <input semantic="INTERPOLATION" source="#mixamorig_Hips-Interpolations"/>
      </sampler>
      <channel source="#mixamorig_Hips-Matrix-animation-transform" target="mixamorig_Hips/matrix"/>
    </animation>
    <animation id="mixamorig_Spine-anim" name="mixamorig_Spine">
      <source id="mixamorig_Spine-Matrix-animation-input">
        <float_array id="mixamorig_Spine-Matrix-animation-input-array" count="32">

0.000000 0.033333 0.066667 0.100000 0.133333 0.166667 0.200000 0.233333 0.266667 0.300000 0.333333 0.366667 0.400000 0.433333 0.466667 0.500000
0.533333 0.566667 0.600000 0.633333 0.666667 0.700000 0.733333 0.766667 0.800000 0.833333 0.866667 0.900000 0.933333 0.966667 1.000000 1.033333</float_array>
        <technique_common>
          <accessor source="#mixamorig_Spine-Matrix-animation-input-array" count="32">
            <param name="TIME" type="float"/>
          </accessor>
        </technique_common>
      </source>
      <source id="mixamorig_Spine-Matrix-animation-output-transform">
        <float_array id="mixamorig_Spine-Matrix-animation-output-transform-array" count="512">

0.995183 0.047614 -0.085694 0.000000 -0.062116 0.982525 -0.175457 10.369300 0.075842 0.179935 0.980750 -1.024300 0.000000 0.000000 0.000000 1.000000
0.996175 0.069268 -0.053266 0.000000 -0.076137 0.987201 -0.140135 10.369300 0.042878 0.143655 0.988699 -1.024300 0.000000 0.000000 0.000000 1.000000
0.996997 0.075403 -0.017666 -0.000000 -0.076714 0.992816 -0.091820 10.369300 0.010615 0.092899 0.995619 -1.024300 0.000000 0.000000 0.000000 1.000000
0.997604 0.066446 0.019293 0.000000 -0.065624 0.997023 -0.040472 10.369300 -0.021925 0.039109 0.998994 -1.024300 0.000000 0.000000 0.000000 1.000000
0.997293 0.049231 0.054617 0.000000 -0.049162 0.998787 -0.002609 10.369300 -0.054680 -0.000083 0.998504 -1.024300 0.000000 0.000000 0.000000 1.000000
0.996361 0.031656 0.079139 0.000000 -0.032825 0.999370 0.013511 10.369300 -0.078662 -0.016060 0.996772 -1.024300 0.000000 0.000000 0.000000 1.000000
0.996154 0.026211 0.083611 0.000000 -0.028319 0.999308 0.024134 10.369300 -0.082921 -0.026409 0.996206 -1.024300 0.000000 0.000000 0.000000 1.000000
0.995858 0.036122 0.083436 0.000000 -0.039997 0.998175 0.045244 10.369300 -0.081649 -0.048394 0.995486 -1.024300 0.000000 0.000000 0.000000 1.000000
0.994829 0.051702 0.087414 0.000000 -0.058937 0.994863 0.082309 10.369300 -0.082709 -0.087035 0.992766 -1.024300 0.000000 0.000000 0.000000 1.000000
0.993876 0.075921 0.080296 0.000000 -0.083675 0.991655 0.098079 10.369300 -0.072179 -0.104197 0.991934 -1.024300 0.000000 0.000000 0.000000 1.000000
0.991935 0.104114 0.072282 0.000000 -0.108518 0.992287 0.059920 10.369300 -0.065486 -0.067281 0.995583 -1.024300 0.000000 0.000000 0.000000 1.000000
0.989173 0.123454 0.079347 0.000000 -0.121869 0.992243 -0.024528 10.369300 -0.081759 0.014593 0.996545 -1.024300 0.000000 0.000000 0.000000 1.000000
0.987188 0.137701 0.080616 0.000000 -0.127244 0.984217 -0.122986 10.369300 -0.096279 0.111152 0.989129 -1.024300 0.000000 0.000000 0.000000 1.000000
0.988169 0.143448 0.054272 0.000000 -0.129646 0.970321 -0.204131 10.369300 -0.081943 0.194680 0.977438 -1.024300 0.000000 0.000000 0.000000 1.000000
0.990800 0.135031 0.009058 0.000000 -0.128377 0.958938 -0.252898 10.369300 -0.042835 0.249408 0.967451 -1.024300 0.000000 0.000000 0.000000 1.000000
0.992598 0.115822 -0.036533 0.000000 -0.121411 0.953679 -0.275236 10.369300 0.002962 0.277634 0.960682 -1.024300 0.000000 0.000000 0.000000 1.000000
0.993307 0.086851 -0.076151 -0.000000 -0.105124 0.952917 -0.284425 10.369300 0.047863 0.290527 0.955669 -1.024300 0.000000 0.000000 0.000000 1.000000
0.992366 0.056441 -0.109658 -0.000000 -0.085454 0.955782 -0.281386 10.369300 0.088928 0.288609 0.953308 -1.024300 0.000000 0.000000 0.000000 1.000000
0.990048 0.038961 -0.135228 0.000000 -0.072873 0.963981 -0.255792 10.369300 0.120391 0.263101 0.957227 -1.024300 0.000000 0.000000 0.000000 1.000000
0.987375 0.040399 -0.153162 0.000000 -0.072238 0.975369 -0.208418 10.369300 0.140969 0.216851 0.965973 -1.024300 0.000000 0.000000 0.000000 1.000000
0.983532 0.056749 -0.171594 0.000000 -0.082698 0.985512 -0.148075 10.369300 0.160705 0.159827 0.973976 -1.024300 0.000000 0.000000 0.000000 1.000000
0.978469 0.074870 -0.192334 0.000000 -0.097228 0.989213 -0.109562 10.369300 0.182056 0.125903 0.975194 -1.024300 0.000000 0.000000 0.000000 1.000000
0.976213 0.078369 -0.202153 0.000000 -0.107633 0.984554 -0.138085 10.369300 0.188209 0.156559 0.969570 -1.024300 0.000000 0.000000 0.000000 1.000000
0.977207 0.073382 -0.199201 0.000000 -0.112872 0.974331 -0.194781 10.369300 0.179795 0.212825 0.960406 -1.024300 0.000000 0.000000 0.000000 1.000000
0.977588 0.066758 -0.199664 0.000000 -0.112529 0.967240 -0.227562 10.369300 0.177931 0.244930 0.953074 -1.024300 0.000000 0.000000 0.000000 1.000000
0.978894 0.053826 -0.197153 0.000000 -0.101984 0.964650 -0.243003 10.369300 0.177104 0.257981 0.949779 -1.024300 0.000000 0.000000 0.000000 1.000000
0.981536 0.048923 -0.184917 0.000000 -0.093644 0.965866 -0.241524 10.369300 0.166789 0.254381 0.952613 -1.024300 0.000000 0.000000 0.000000 1.000000
0.984613 0.046608 -0.168417 -0.000000 -0.085703 0.968702 -0.232962 10.369300 0.152288 0.243811 0.957792 -1.024300 0.000000 0.000000 0.000000 1.000000
0.987817 0.045212 -0.148905 0.000000 -0.077640 0.972453 -0.219789 10.369300 0.134866 0.228672 0.964116 -1.024300 0.000000 0.000000 0.000000 1.000000
0.990805 0.045646 -0.127368 0.000000 -0.071220 0.976351 -0.204125 10.369300 0.115039 0.211319 0.970624 -1.024300 0.000000 0.000000 0.000000 1.000000
0.993282 0.046962 -0.105757 0.000000 -0.066393 0.979831 -0.188474 10.369300 0.094773 0.194230 0.976367 -1.024300 0.000000 0.000000 0.000000 1.000000
0.995183 0.047613 -0.085694 0.000000 -0.062116 0.982525 -0.175458 10.369300 0.075842 0.179936 0.980750 -1.024300 0.000000 0.000000 0.000000 1.000000</float_array>
        <technique_common>
          <accessor source="#mixamorig_Spine-Matrix-animation-output-transform-array" count="32" stride="16">
            <param type="float4x4"/>
          </accessor>
        </technique_common>
      </source>
      <source id="mixamorig_Spine-Interpolations">
        <Name_array id="mixamorig_Spine-Interpolations-array" count="32">
 LINEAR LINEAR LINEAR LINEAR LINEAR LINEAR LINEAR LINEAR LINEAR LINEAR LINEAR
LINEAR LINEAR LINEAR LINEAR LINEAR LINEAR LINEAR LINEAR LINEAR LINEAR LINEAR LINEAR
LINEAR LINEAR LINEAR LINEAR LINEAR LINEAR LINEAR LINEAR LINEAR</Name_array>
        <technique_common>
          <accessor source="#mixamorig_Spine-Interpolations-array" count="32">
            <param type="name"/>
          </accessor>
        </technique_common>
      </source>
      <sampler id="mixamorig_Spine-Matrix-animation-transform">
        <input semantic="INPUT" source="#mixamorig_Spine-Matrix-animation-input"/>
        <input semantic="OUTPUT" source="#mixamorig_Spine-Matrix-animation-output-transform"/>
        <input semantic="INTERPOLATION" source="#mixamorig_Spine-Interpolations"/>
      </sampler>
      <channel source="#mixamorig_Spine-Matrix-animation-transform" target="mixamorig_Spine/matrix"/>
    </animation>
    <animation id="mixamorig_Spine1-anim" name="mixamorig_Spine1">
      <source id="mixamorig_Spine1-Matrix-animation-input">
        <float_array id="mixamorig_Spine1-Matrix-animation-input-array" count="32">

0.000000 0.033333 0.066667 0.100000 0.133333 0.166667 0.200000 0.233333 0.266667 0.300000 0.333333 0.366667 0.400000 0.433333 0.466667 0.500000
0.533333 0.566667 0.600000 0.633333 0.666667 0.700000 0.733333 0.766667 0.800000 0.833333 0.866667 0.900000 0.933333 0.966667 1.000000 1.033333</float_array>
        <technique_common>
          <accessor source="#mixamorig_Spine1-Matrix-animation-input-array" count="32">
            <param name="TIME" type="float"/>
          </accessor>
        </technique_common>
      </source>
      <source id="mixamorig_Spine1-Matrix-animation-output-transform">
        <float_array id="mixamorig_Spine1-Matrix-animation-output-transform-array" count="512">

0.999702 0.011259 -0.021637 -0.000000 -0.012315 0.998707 -0.049323 12.156400 0.021054 0.049575 0.998548 -0.000000 0.000000 0.000000 0.000000 1.000000
0.999862 0.011705 -0.011763 -0.000000 -0.012342 0.998380 -0.055544 12.156400 0.011094 0.055682 0.998387 0.000000 0.000000 0.000000 0.000000 1.000000
0.999952 0.009603 -0.001668 -0.000000 -0.009687 0.998105 -0.060760 12.156400 0.001081 0.060773 0.998151 0.000000 0.000000 0.000000 0.000000 1.000000
0.999954 0.004778 0.008337 -0.000000 -0.004221 0.997835 -0.065625 12.156400 -0.008633 0.065587 0.997810 0.000000 0.000000 0.000000 0.000000 1.000000
0.999838 -0.002091 0.017863 -0.000000 0.003471 0.996978 -0.077612 12.156400 -0.017647 0.077662 0.996824 -0.000000 0.000000 0.000000 0.000000 1.000000
0.999654 -0.009462 0.024538 0.000000 0.011538 0.996235 -0.085918 12.156400 -0.023633 0.086172 0.996000 0.000000 0.000000 0.000000 0.000000 1.000000
0.999572 -0.013771 0.025813 0.000000 0.016068 0.995719 -0.091021 12.156400 -0.024449 0.091396 0.995514 0.000000 0.000000 0.000000 0.000000 1.000000
0.999528 -0.015380 0.026575 -0.000000 0.017926 0.994990 -0.098358 12.156400 -0.024929 0.098788 0.994796 0.000000 0.000000 0.000000 0.000000 1.000000
0.999457 -0.016659 0.028440 -0.000000 0.019366 0.995025 -0.097721 12.156400 -0.026671 0.098219 0.994807 -0.000000 0.000000 0.000000 0.000000 1.000000
0.999539 -0.014645 0.026583 0.000000 0.017093 0.995391 -0.094366 12.156400 -0.025078 0.094777 0.995183 0.000000 0.000000 0.000000 0.000000 1.000000
0.999693 -0.011381 0.022008 0.000000 0.013398 0.995503 -0.093780 12.156400 -0.020842 0.094046 0.995350 -0.000000 0.000000 0.000000 0.000000 1.000000
0.999754 -0.008639 0.020425 -0.000000 0.010474 0.995749 -0.091513 12.156400 -0.019548 0.091705 0.995594 0.000000 0.000000 0.000000 0.000000 1.000000
0.999780 -0.006310 0.020019 0.000000 0.008084 0.995929 -0.089776 12.156400 -0.019371 0.089918 0.995761 0.000000 0.000000 0.000000 0.000000 1.000000
0.999906 -0.003220 0.013358 0.000000 0.004407 0.995948 -0.089821 12.156400 -0.013014 0.089871 0.995868 0.000000 0.000000 0.000000 0.000000 1.000000
0.999996 -0.002539 -0.000955 0.000000 0.002441 0.995829 -0.091204 12.156400 0.001183 0.091201 0.995832 0.000000 0.000000 0.000000 0.000000 1.000000
0.999881 -0.004064 -0.014900 0.000000 0.002692 0.995854 -0.090925 12.156400 0.015208 0.090874 0.995746 0.000000 0.000000 0.000000 0.000000 1.000000
0.999628 -0.007146 -0.026333 0.000000 0.004827 0.996186 -0.087118 12.156400 0.026855 0.086958 0.995850 0.000000 0.000000 0.000000 0.000000 1.000000
0.999307 -0.011061 -0.035538 -0.000000 0.008134 0.996643 -0.081466 12.156400 0.036320 0.081120 0.996042 0.000000 0.000000 0.000000 0.000000 1.000000
0.998997 -0.013462 -0.042707 -0.000000 0.010206 0.997089 -0.075565 12.156400 0.043600 0.075054 0.996226 0.000000 0.000000 0.000000 0.000000 1.000000
0.998748 -0.012735 -0.048382 -0.000000 0.009307 0.997473 -0.070439 12.156400 0.049157 0.069901 0.996342 0.000000 0.000000 0.000000 0.000000 1.000000
0.998440 -0.010365 -0.054868 -0.000000 0.006594 0.997632 -0.068464 12.156400 0.055448 0.067995 0.996144 0.000000 0.000000 0.000000 0.000000 1.000000
0.998073 -0.007533 -0.061594 0.000000 0.003138 0.997461 -0.071147 12.156400 0.061974 0.070816 0.995562 -0.000000 0.000000 0.000000 0.000000 1.000000
0.997974 -0.002195 -0.063583 -0.000000 -0.002621 0.997138 -0.075560 12.156400 0.063567 0.075573 0.995112 -0.000000 0.000000 0.000000 0.000000 1.000000
0.998108 0.004356 -0.061333 0.000000 -0.009430 0.996531 -0.082683 12.156400 0.060760 0.083105 0.994687 0.000000 0.000000 0.000000 0.000000 1.000000
0.998168 0.008143 -0.059961 -0.000000 -0.013459 0.995960 -0.088782 12.156400 0.058996 0.089426 0.994245 0.000000 0.000000 0.000000 0.000000 1.000000
0.998289 0.009254 -0.057740 0.000000 -0.014376 0.995934 -0.088935 12.156400 0.056682 0.089613 0.994362 0.000000 0.000000 0.000000 0.000000 1.000000
0.998542 0.009864 -0.053076 0.000000 -0.014346 0.996299 -0.084745 12.156400 0.052044 0.085383 0.994988 0.000000 0.000000 0.000000 0.000000 1.000000
0.998824 0.010265 -0.047391 0.000000 -0.013980 0.996797 -0.078740 12.156400 0.046431 0.079310 0.995768 0.000000 0.000000 0.000000 0.000000 1.000000
0.999102 0.010532 -0.041045 0.000000 -0.013453 0.997346 -0.071554 12.156400 0.040182 0.072042 0.996592 0.000000 0.000000 0.000000 0.000000 1.000000
0.999351 0.010737 -0.034397 0.000000 -0.012918 0.997877 -0.063826 12.156400 0.033638 0.064229 0.997368 -0.000000 0.000000 0.000000 0.000000 1.000000
0.999553 0.010955 -0.027807 -0.000000 -0.012505 0.998341 -0.056200 12.156400 0.027146 0.056523 0.998032 0.000000 0.000000 0.000000 0.000000 1.000000
0.999702 0.011259 -0.021637 0.000000 -0.012315 0.998707 -0.049324 12.156400 0.021054 0.049575 0.998548 -0.000000 0.000000 0.000000 0.000000 1.000000</float_array>
        <technique_common>
          <accessor source="#mixamorig_Spine1-Matrix-animation-output-transform-array" count="32" stride="16">
            <param type="float4x4"/>
          </accessor>
        </technique_common>
      </source>
      <source id="mixamorig_Spine1-Interpolations">
        <Name_array id="mixamorig_Spine1-Interpolations-array" count="32">
 LINEAR LINEAR LINEAR LINEAR LINEAR LINEAR LINEAR LINEAR LINEAR LINEAR LINEAR
LINEAR LINEAR LINEAR LINEAR LINEAR LINEAR LINEAR LINEAR LINEAR LINEAR LINEAR LINEAR
LINEAR LINEAR LINEAR LINEAR LINEAR LINEAR LINEAR LINEAR LINEAR</Name_array>
        <technique_common>
          <accessor source="#mixamorig_Spine1-Interpolations-array" count="32">
            <param type="name"/>
          </accessor>
        </technique_common>
      </source>
      <sampler id="mixamorig_Spine1-Matrix-animation-transform">
        <input semantic="INPUT" source="#mixamorig_Spine1-Matrix-animation-input"/>
        <input semantic="OUTPUT" source="#mixamorig_Spine1-Matrix-animation-output-transform"/>
        <input semantic="INTERPOLATION" source="#mixamorig_Spine1-Interpolations"/>
      </sampler>
      <channel source="#mixamorig_Spine1-Matrix-animation-transform" target="mixamorig_Spine1/matrix"/>
    </animation>
    <animation id="mixamorig_Spine2-anim" name="mixamorig_Spine2">
      <source id="mixamorig_Spine2-Matrix-animation-input">
        <float_array id="mixamorig_Spine2-Matrix-animation-input-array" count="32">

0.000000 0.033333 0.066667 0.100000 0.133333 0.166667 0.200000 0.233333 0.266667 0.300000 0.333333 0.366667 0.400000 0.433333 0.466667 0.500000
0.533333 0.566667 0.600000 0.633333 0.666667 0.700000 0.733333 0.766667 0.800000 0.833333 0.866667 0.900000 0.933333 0.966667 1.000000 1.033333</float_array>
        <technique_common>
          <accessor source="#mixamorig_Spine2-Matrix-animation-input-array" count="32">
            <param name="TIME" type="float"/>
          </accessor>
        </technique_common>
      </source>
      <source id="mixamorig_Spine2-Matrix-animation-output-transform">
        <float_array id="mixamorig_Spine2-Matrix-animation-output-transform-array" count="512">

0.999711 0.010568 -0.021612 -0.000000 -0.011627 0.998706 -0.049508 13.893000 0.021061 0.049745 0.998540 0.000000 0.000000 0.000000 0.000000 1.000000
0.999873 0.011089 -0.011453 0.000000 -0.011709 0.998383 -0.055619 13.893000 0.010817 0.055746 0.998386 0.000000 0.000000 0.000000 0.000000 1.000000
0.999960 0.008924 -0.001160 0.000000 -0.008978 0.998118 -0.060666 13.893000 0.000616 0.060674 0.998157 -0.000000 0.000000 0.000000 0.000000 1.000000
0.999952 0.003919 0.008996 -0.000000 -0.003323 0.997856 -0.065363 13.893000 -0.009233 0.065330 0.997821 0.000000 0.000000 0.000000 0.000000 1.000000
0.999818 -0.003253 0.018779 -0.000000 0.004694 0.997005 -0.077199 13.893000 -0.018472 0.077273 0.996839 0.000000 0.000000 0.000000 0.000000 1.000000
0.999610 -0.010937 0.025686 -0.000000 0.013095 0.996261 -0.085397 13.893000 -0.024656 0.085700 0.996016 0.000000 0.000000 0.000000 0.000000 1.000000
0.999511 -0.015519 0.027134 0.000000 0.017917 0.995739 -0.090457 13.893000 -0.025615 0.090899 0.995531 0.000000 0.000000 0.000000 0.000000 1.000000
0.999453 -0.017403 0.028134 0.000000 0.020078 0.995005 -0.097788 13.893000 -0.026292 0.098299 0.994810 0.000000 0.000000 0.000000 0.000000 1.000000
0.999361 -0.018746 0.030427 -0.000000 0.021623 0.995033 -0.097166 13.893000 -0.028455 0.097762 0.994803 -0.000000 0.000000 0.000000 0.000000 1.000000
0.999445 -0.016687 0.028848 0.000000 0.019331 0.995393 -0.093913 13.893000 -0.027148 0.094419 0.995162 0.000000 0.000000 0.000000 0.000000 1.000000
0.999610 -0.013421 0.024493 0.000000 0.015656 0.995501 -0.093449 13.893000 -0.023129 0.093796 0.995323 0.000000 0.000000 0.000000 0.000000 1.000000
0.999683 -0.010585 0.022825 0.000000 0.012629 0.995735 -0.091394 13.893000 -0.021760 0.091654 0.995553 0.000000 0.000000 0.000000 0.000000 1.000000
0.999730 -0.007621 0.021962 0.000000 0.009568 0.995901 -0.089942 13.893000 -0.021187 0.090128 0.995705 0.000000 0.000000 0.000000 0.000000 1.000000
0.999887 -0.004209 0.014443 0.000000 0.005496 0.995903 -0.090258 13.893000 -0.014004 0.090327 0.995814 0.000000 0.000000 0.000000 0.000000 1.000000
0.999990 -0.004443 -0.000542 0.000000 0.004374 0.995767 -0.091804 13.893000 0.000948 0.091801 0.995777 0.000000 0.000000 0.000000 0.000000 1.000000
0.999867 -0.006900 -0.014778 -0.000000 0.005519 0.995781 -0.091593 13.893000 0.015347 0.091499 0.995687 -0.000000 0.000000 0.000000 0.000000 1.000000
0.999602 -0.010566 -0.026150 -0.000000 0.008232 0.996105 -0.087791 13.893000 0.026976 0.087541 0.995796 0.000000 0.000000 0.000000 0.000000 1.000000
0.999275 -0.014810 -0.035084 -0.000000 0.011886 0.996551 -0.082133 13.893000 0.036179 0.081656 0.996004 0.000000 0.000000 0.000000 0.000000 1.000000
0.998968 -0.017339 -0.041968 0.000000 0.014098 0.996985 -0.076304 13.893000 0.043164 0.075633 0.996201 0.000000 0.000000 0.000000 0.000000 1.000000
0.998734 -0.016536 -0.047511 0.000000 0.013121 0.997367 -0.071318 13.893000 0.048565 0.070604 0.996321 -0.000000 0.000000 0.000000 0.000000 1.000000
0.998446 -0.014017 -0.053929 -0.000000 0.010249 0.997528 -0.069520 13.893000 0.054770 0.068859 0.996122 0.000000 0.000000 0.000000 0.000000 1.000000
0.998101 -0.011089 -0.060592 -0.000000 0.006689 0.997357 -0.072345 13.893000 0.061234 0.071802 0.995537 -0.000000 0.000000 0.000000 0.000000 1.000000
0.998011 -0.005780 -0.062779 -0.000000 0.000952 0.997057 -0.076659 13.893000 0.063037 0.076447 0.995079 0.000000 0.000000 0.000000 0.000000 1.000000
0.998140 0.000917 -0.060964 0.000000 -0.006012 0.996495 -0.083440 13.893000 0.060673 0.083651 0.994646 -0.000000 0.000000 0.000000 0.000000 1.000000
0.998186 0.005188 -0.059981 0.000000 -0.010536 0.995958 -0.089195 13.893000 0.059275 0.089666 0.994206 0.000000 0.000000 0.000000 0.000000 1.000000
0.998295 0.006801 -0.057981 0.000000 -0.011959 0.995951 -0.089097 13.893000 0.057141 0.089639 0.994334 0.000000 0.000000 0.000000 0.000000 1.000000
0.998545 0.007778 -0.053367 0.000000 -0.012294 0.996320 -0.084828 13.893000 0.052511 0.085361 0.994965 0.000000 0.000000 0.000000 0.000000 1.000000
0.998827 0.008491 -0.047661 0.000000 -0.012234 0.996814 -0.078812 13.893000 0.046840 0.079303 0.995749 0.000000 0.000000 0.000000 0.000000 1.000000
0.999108 0.009033 -0.041248 0.000000 -0.011975 0.997358 -0.071656 13.893000 0.040491 0.072086 0.996576 -0.000000 0.000000 0.000000 0.000000 1.000000
0.999359 0.009497 -0.034511 0.000000 -0.011692 0.997883 -0.063973 13.893000 0.033831 0.064335 0.997355 -0.000000 0.000000 0.000000 0.000000 1.000000
0.999563 0.009978 -0.027837 0.000000 -0.011536 0.998343 -0.056382 13.893000 0.027229 0.056678 0.998021 0.000000 0.000000 0.000000 0.000000 1.000000
0.999711 0.010568 -0.021612 -0.000000 -0.011627 0.998706 -0.049508 13.893000 0.021061 0.049745 0.998540 0.000000 0.000000 0.000000 0.000000 1.000000</float_array>
        <technique_common>
          <accessor source="#mixamorig_Spine2-Matrix-animation-output-transform-array" count="32" stride="16">
            <param type="float4x4"/>
          </accessor>
        </technique_common>
      </source>
      <source id="mixamorig_Spine2-Interpolations">
        <Name_array id="mixamorig_Spine2-Interpolations-array" count="32">
 LINEAR LINEAR LINEAR LINEAR LINEAR LINEAR LINEAR LINEAR LINEAR LINEAR LINEAR
LINEAR LINEAR LINEAR LINEAR LINEAR LINEAR LINEAR LINEAR LINEAR LINEAR LINEAR LINEAR
LINEAR LINEAR LINEAR LINEAR LINEAR LINEAR LINEAR LINEAR LINEAR</Name_array>
        <technique_common>
          <accessor source="#mixamorig_Spine2-Interpolations-array" count="32">
            <param type="name"/>
          </accessor>
        </technique_common>
      </source>
      <sampler id="mixamorig_Spine2-Matrix-animation-transform">
        <input semantic="INPUT" source="#mixamorig_Spine2-Matrix-animation-input"/>
        <input semantic="OUTPUT" source="#mixamorig_Spine2-Matrix-animation-output-transform"/>
        <input semantic="INTERPOLATION" source="#mixamorig_Spine2-Interpolations"/>
      </sampler>
      <channel source="#mixamorig_Spine2-Matrix-animation-transform" target="mixamorig_Spine2/matrix"/>
    </animation>
    <animation id="mixamorig_Neck-anim" name="mixamorig_Neck">
      <source id="mixamorig_Neck-Matrix-animation-input">
        <float_array id="mixamorig_Neck-Matrix-animation-input-array" count="32">

0.000000 0.033333 0.066667 0.100000 0.133333 0.166667 0.200000 0.233333 0.266667 0.300000 0.333333 0.366667 0.400000 0.433333 0.466667 0.500000
0.533333 0.566667 0.600000 0.633333 0.666667 0.700000 0.733333 0.766667 0.800000 0.833333 0.866667 0.900000 0.933333 0.966667 1.000000 1.033333</float_array>
        <technique_common>
          <accessor source="#mixamorig_Neck-Matrix-animation-input-array" count="32">
            <param name="TIME" type="float"/>
          </accessor>
        </technique_common>
      </source>
      <source id="mixamorig_Neck-Matrix-animation-output-transform">
        <float_array id="mixamorig_Neck-Matrix-animation-output-transform-array" count="512">

0.999421 -0.033658 -0.005058 -0.000000 0.033954 0.996238 0.079727 15.629600 0.002356 -0.079852 0.996804 -0.000000 0.000000 0.000000 0.000000 1.000000
0.999710 -0.023936 0.002517 0.000000 0.023703 0.997297 0.069544 15.629600 -0.004175 -0.069464 0.997576 0.000000 0.000000 0.000000 0.000000 1.000000
0.999889 -0.011422 0.009548 0.000000 0.010840 0.998198 0.059025 15.629600 -0.010205 -0.058915 0.998211 0.000000 0.000000 0.000000 0.000000 1.000000
0.999896 0.000860 0.014365 0.000000 -0.001571 0.998770 0.049559 15.629600 -0.014305 -0.049576 0.998668 0.000000 0.000000 0.000000 0.000000 1.000000
0.999801 0.010695 0.016866 0.000000 -0.011396 0.999052 0.042020 15.629600 -0.016401 -0.042204 0.998974 0.000000 0.000000 0.000000 0.000000 1.000000
0.999634 0.018395 0.019858 0.000000 -0.019180 0.999013 0.040073 15.629600 -0.019101 -0.040439 0.998999 0.000000 0.000000 0.000000 0.000000 1.000000
0.999504 0.020242 0.024125 0.000000 -0.021160 0.999038 0.038423 15.629600 -0.023324 -0.038914 0.998970 0.000000 0.000000 0.000000 0.000000 1.000000
0.999563 0.013777 0.026156 0.000000 -0.014860 0.999020 0.041680 15.629600 -0.025556 -0.042051 0.998789 0.000000 0.000000 0.000000 0.000000 1.000000
0.999632 0.005239 0.026620 0.000000 -0.006536 0.998783 0.048887 15.629600 -0.026331 -0.049043 0.998450 0.000000 0.000000 0.000000 0.000000 1.000000
0.999576 -0.001111 0.029097 -0.000000 -0.000535 0.998403 0.056496 15.629600 -0.029113 -0.056487 0.997979 -0.000000 0.000000 0.000000 0.000000 1.000000
0.999401 -0.005927 0.034090 -0.000000 0.003674 0.997827 0.065785 15.629600 -0.034406 -0.065621 0.997251 0.000000 0.000000 0.000000 0.000000 1.000000
0.999154 -0.005584 0.040747 0.000000 0.002501 0.997157 0.075315 15.629600 -0.041052 -0.075149 0.996327 -0.000000 0.000000 0.000000 0.000000 1.000000
0.998988 -0.002395 0.044922 -0.000000 -0.001451 0.996345 0.085408 15.629600 -0.044962 -0.085387 0.995333 0.000000 0.000000 0.000000 0.000000 1.000000
0.998853 -0.001977 0.047847 -0.000000 -0.002533 0.995568 0.094013 15.629600 -0.047821 -0.094026 0.994421 -0.000000 0.000000 0.000000 0.000000 1.000000
0.998515 -0.005654 0.054186 -0.000000 0.000213 0.994997 0.099907 15.629600 -0.054480 -0.099747 0.993520 -0.000000 0.000000 0.000000 0.000000 1.000000
0.998075 -0.011338 0.060978 0.000000 0.005045 0.994733 0.102376 15.629600 -0.061818 -0.101872 0.992875 -0.000000 0.000000 0.000000 0.000000 1.000000
0.997683 -0.016184 0.066074 0.000000 0.009415 0.994791 0.101499 15.629600 -0.067373 -0.100642 0.992639 -0.000000 0.000000 0.000000 0.000000 1.000000
0.997438 -0.019375 0.068860 0.000000 0.012516 0.995040 0.098681 15.629600 -0.070431 -0.097566 0.992734 -0.000000 0.000000 0.000000 0.000000 1.000000
0.997350 -0.022611 0.069148 0.000000 0.016006 0.995385 0.094616 15.629600 -0.070968 -0.093259 0.993109 -0.000000 0.000000 0.000000 0.000000 1.000000
0.997381 -0.026430 0.067320 -0.000000 0.020364 0.995800 0.089258 15.629600 -0.069397 -0.087653 0.993731 0.000000 0.000000 0.000000 0.000000 1.000000
0.997385 -0.032389 0.064610 0.000000 0.026837 0.996017 0.085027 15.629600 -0.067106 -0.083070 0.994282 0.000000 0.000000 0.000000 0.000000 1.000000
0.997346 -0.039613 0.061084 0.000000 0.034360 0.995808 0.084765 15.629600 -0.064186 -0.082441 0.994527 0.000000 0.000000 0.000000 0.000000 1.000000
0.997549 -0.040575 0.057009 -0.000000 0.035427 0.995439 0.088576 15.629600 -0.060343 -0.086339 0.994437 -0.000000 0.000000 0.000000 0.000000 1.000000
0.997925 -0.036175 0.053272 0.000000 0.030889 0.994814 0.096904 15.629600 -0.056502 -0.095057 0.993867 0.000000 0.000000 0.000000 0.000000 1.000000
0.998156 -0.036491 0.048511 0.000000 0.031123 0.993758 0.107131 15.629600 -0.052118 -0.105424 0.993061 0.000000 0.000000 0.000000 0.000000 1.000000
0.998383 -0.038700 0.041645 -0.000000 0.033825 0.993133 0.111992 15.629600 -0.045694 -0.110402 0.992836 0.000000 0.000000 0.000000 0.000000 1.000000
0.998656 -0.038944 0.034190 0.000000 0.034960 0.993288 0.110258 15.629600 -0.038254 -0.108915 0.993315 0.000000 0.000000 0.000000 0.000000 1.000000
0.998913 -0.038369 0.026488 0.000000 0.035367 0.993761 0.105773 15.629600 -0.030381 -0.104721 0.994037 -0.000000 0.000000 0.000000 0.000000 1.000000
0.999132 -0.037264 0.018625 0.000000 0.035233 0.994413 0.099511 15.629600 -0.022229 -0.098768 0.994862 0.000000 0.000000 0.000000 0.000000 1.000000
0.999298 -0.035917 0.010688 -0.000000 0.034778 0.995111 0.092440 15.629600 -0.013956 -0.092004 0.995661 0.000000 0.000000 0.000000 0.000000 1.000000
0.999397 -0.034619 0.002764 0.000000 0.034256 0.995747 0.085526 15.629600 -0.005713 -0.085380 0.996332 0.000000 0.000000 0.000000 0.000000 1.000000
0.999421 -0.033658 -0.005058 0.000000 0.033954 0.996238 0.079728 15.629600 0.002356 -0.079853 0.996804 0.000000 0.000000 0.000000 0.000000 1.000000</float_array>
        <technique_common>
          <accessor source="#mixamorig_Neck-Matrix-animation-output-transform-array" count="32" stride="16">
            <param type="float4x4"/>
          </accessor>
        </technique_common>
      </source>
      <source id="mixamorig_Neck-Interpolations">
        <Name_array id="mixamorig_Neck-Interpolations-array" count="32">
 LINEAR LINEAR LINEAR LINEAR LINEAR LINEAR LINEAR LINEAR LINEAR LINEAR LINEAR
LINEAR LINEAR LINEAR LINEAR LINEAR LINEAR LINEAR LINEAR LINEAR LINEAR LINEAR LINEAR
LINEAR LINEAR LINEAR LINEAR LINEAR LINEAR LINEAR LINEAR LINEAR</Name_array>
        <technique_common>
          <accessor source="#mixamorig_Neck-Interpolations-array" count="32">
            <param type="name"/>
          </accessor>
        </technique_common>
      </source>
      <sampler id="mixamorig_Neck-Matrix-animation-transform">
        <input semantic="INPUT" source="#mixamorig_Neck-Matrix-animation-input"/>
        <input semantic="OUTPUT" source="#mixamorig_Neck-Matrix-animation-output-transform"/>
        <input semantic="INTERPOLATION" source="#mixamorig_Neck-Interpolations"/>
      </sampler>
      <channel source="#mixamorig_Neck-Matrix-animation-transform" target="mixamorig_Neck/matrix"/>
    </animation>
    <animation id="mixamorig_Head-anim" name="mixamorig_Head">
      <source id="mixamorig_Head-Matrix-animation-input">
        <float_array id="mixamorig_Head-Matrix-animation-input-array" count="32">

0.000000 0.033333 0.066667 0.100000 0.133333 0.166667 0.200000 0.233333 0.266667 0.300000 0.333333 0.366667 0.400000 0.433333 0.466667 0.500000
0.533333 0.566667 0.600000 0.633333 0.666667 0.700000 0.733333 0.766667 0.800000 0.833333 0.866667 0.900000 0.933333 0.966667 1.000000 1.033333</float_array>
        <technique_common>
          <accessor source="#mixamorig_Head-Matrix-animation-input-array" count="32">
            <param name="TIME" type="float"/>
          </accessor>
        </technique_common>
      </source>
      <source id="mixamorig_Head-Matrix-animation-output-transform">
        <float_array id="mixamorig_Head-Matrix-animation-output-transform-array" count="512">

0.997491 0.016561 0.068825 0.000000 -0.015828 0.999812 -0.011188 5.483300 -0.068997 0.010070 0.997566 1.543400 0.000000 0.000000 0.000000 1.000000
0.997349 0.005804 0.072537 -0.000000 -0.006136 0.999972 0.004362 5.483300 -0.072510 -0.004796 0.997356 1.543400 0.000000 0.000000 0.000000 1.000000
0.997252 -0.003204 0.074008 -0.000000 0.001998 0.999864 0.016370 5.483300 -0.074050 -0.016177 0.997123 1.543400 0.000000 0.000000 0.000000 1.000000
0.997366 -0.007803 0.072113 0.000000 0.005969 0.999654 0.025614 5.483300 -0.072288 -0.025116 0.997068 1.543400 0.000000 0.000000 0.000000 1.000000
0.997642 -0.007447 0.068223 0.000000 0.004419 0.999003 0.044426 5.483300 -0.068486 -0.044019 0.996680 1.543400 0.000000 0.000000 0.000000 1.000000
0.997902 -0.005413 0.064510 0.000000 0.001763 0.998401 0.056493 5.483300 -0.064713 -0.056260 0.996317 1.543400 0.000000 0.000000 0.000000 1.000000
0.998186 -0.006119 0.059902 0.000000 0.002284 0.997955 0.063883 5.483300 -0.060170 -0.063630 0.996158 1.543400 0.000000 0.000000 0.000000 1.000000
0.998856 -0.007234 0.047266 0.000000 0.004131 0.997849 0.065419 5.483300 -0.047638 -0.065149 0.996738 1.543400 0.000000 0.000000 0.000000 1.000000
0.999506 -0.008509 0.030240 0.000000 0.007096 0.998891 0.046536 5.483300 -0.030603 -0.046299 0.998459 1.543400 0.000000 0.000000 0.000000 1.000000
0.999744 -0.016325 0.015663 -0.000000 0.015923 0.999548 0.025481 5.483300 -0.016072 -0.025225 0.999553 1.543400 0.000000 0.000000 0.000000 1.000000
0.999709 -0.024079 -0.001087 0.000000 0.024091 0.999621 0.013300 5.483300 0.000766 -0.013322 0.999911 1.543400 0.000000 0.000000 0.000000 1.000000
0.999468 -0.028705 -0.015512 0.000000 0.028794 0.999570 0.005516 5.483300 0.015346 -0.005960 0.999864 1.543400 0.000000 0.000000 0.000000 1.000000
0.999417 -0.031211 -0.013825 0.000000 0.031214 0.999513 -0.000047 5.483300 0.013820 -0.000385 0.999904 1.543400 0.000000 0.000000 0.000000 1.000000
0.999507 -0.031353 0.001527 0.000000 0.031359 0.999498 -0.004601 5.483300 -0.001382 0.004647 0.999988 1.543400 0.000000 0.000000 0.000000 1.000000
0.999441 -0.023832 0.023453 -0.000000 0.024057 0.999667 -0.009385 5.483300 -0.023222 0.009944 0.999681 1.543400 0.000000 0.000000 0.000000 1.000000
0.999071 -0.010859 0.041699 -0.000000 0.011482 0.999826 -0.014734 5.483300 -0.041531 0.015199 0.999022 1.543400 0.000000 0.000000 0.000000 1.000000
0.998569 0.006391 0.053095 0.000000 -0.005218 0.999740 -0.022206 5.483300 -0.053223 0.021897 0.998343 1.543400 0.000000 0.000000 0.000000 1.000000
0.998061 0.023500 0.057641 0.000000 -0.021745 0.999286 -0.030899 5.483300 -0.058326 0.029586 0.997859 1.543400 0.000000 0.000000 0.000000 1.000000
0.997753 0.035422 0.056868 0.000000 -0.033094 0.998596 -0.041363 5.483300 -0.058254 0.039388 0.997524 1.543400 0.000000 0.000000 0.000000 1.000000
0.997750 0.039876 0.053904 0.000000 -0.037083 0.997966 -0.051846 5.483300 -0.055861 0.049730 0.997199 1.543400 0.000000 0.000000 0.000000 1.000000
0.997702 0.041006 0.053943 0.000000 -0.037748 0.997479 -0.060088 5.483300 -0.056271 0.057914 0.996734 1.543400 0.000000 0.000000 0.000000 1.000000
0.997551 0.040775 0.056823 -0.000000 -0.037407 0.997549 -0.059128 5.483300 -0.059094 0.056858 0.996632 1.543400 0.000000 0.000000 0.000000 1.000000
0.997971 0.030338 0.055980 0.000000 -0.027965 0.998697 -0.042693 5.483300 -0.057202 0.041041 0.997519 1.543400 0.000000 0.000000 0.000000 1.000000
0.998484 0.013574 0.053344 -0.000000 -0.012537 0.999727 -0.019727 5.483300 -0.053597 0.019029 0.998381 1.543400 0.000000 0.000000 0.000000 1.000000
0.998324 0.006674 0.057479 -0.000000 -0.006328 0.999961 -0.006190 5.483300 -0.057519 0.005816 0.998327 1.543400 0.000000 0.000000 0.000000 1.000000
0.997919 0.008361 0.063938 0.000000 -0.008326 0.999965 -0.000804 5.483300 -0.063942 0.000270 0.997954 1.543400 0.000000 0.000000 0.000000 1.000000
